Year,Month,Day,Hour,Minute,DHI,GHI,DNI,Solar Zenith Angle,Temperature,Clearsky DNI,Clearsky DHI,Clearsky GHI,Latitude,Longitude
2019,1,1,0,30,0,0,0,173.92,16.3,0,0,0,19.01,73.1
2019,1,1,1,30,0,0,0,161.06,15.8,0,0,0,19.01,73.1
2019,1,1,2,30,0,0,0,147.31,15.4,0,0,0,19.01,73.1
2019,1,1,3,30,0,0,0,133.53,15,0,0,0,19.01,73.1
2019,1,1,4,30,0,0,0,119.84,14.8,0,0,0,19.01,73.1
2019,1,1,5,30,0,0,0,106.36,16.3,0,0,0,19.01,73.1
2019,1,1,6,30,0,0,0,93.14,17.4,0,0,0,19.01,73.1
2019,1,1,7,30,53,126,431,80.29,20.1,431,53,126,19.01,73.1
2019,1,1,8,30,91,348,696,68.31,24,696,91,348,19.01,73.1
2019,1,1,9,30,112,552,819,57.5,28.9,819,112,552,19.01,73.1
2019,1,1,10,30,180,624,673,48.7,32.4,880,125,706,19.01,73.1
2019,1,1,11,30,243,675,593,43.19,33.9,893,138,789,19.01,73.1
2019,1,1,12,30,266,668,544,42.27,34.4,893,138,799,19.01,73.1
2019,1,1,13,30,294,576,407,46.22,34.3,874,134,738,19.01,73.1
2019,1,1,14,30,225,490,450,53.99,33.7,800,133,603,19.01,73.1
2019,1,1,15,30,112,417,699,64.18,32.1,699,112,417,19.01,73.1
2019,1,1,16,30,77,199,499,75.81,28.1,499,77,199,19.01,73.1
2019,1,1,17,30,12,14,75,88.11,24,75,12,14,19.01,73.1
2019,1,1,18,30,0,0,0,101.48,22.2,0,0,0,19.01,73.1
2019,1,1,19,30,0,0,0,114.9,21,0,0,0,19.01,73.1
2019,1,1,20,30,0,0,0,128.54,20,0,0,0,19.01,73.1
2019,1,1,21,30,0,0,0,142.3,19.3,0,0,0,19.01,73.1
2019,1,1,22,30,0,0,0,156.09,18.7,0,0,0,19.01,73.1
2019,1,1,23,30,0,0,0,169.61,18.3,0,0,0,19.01,73.1
2019,1,2,0,30,0,0,0,174.09,17.9,0,0,0,19.01,73.1
2019,1,2,1,30,0,0,0,161.2,17.7,0,0,0,19.01,73.1
2019,1,2,2,30,0,0,0,147.44,17.4,0,0,0,19.01,73.1
2019,1,2,3,30,0,0,0,133.65,17,0,0,0,19.01,73.1
2019,1,2,4,30,0,0,0,119.96,16.7,0,0,0,19.01,73.1
2019,1,2,5,30,0,0,0,106.44,16,0,0,0,19.01,73.1
2019,1,2,6,30,0,0,0,93.22,17.3,0,0,0,19.01,73.1
2019,1,2,7,30,55,120,386,80.35,20.8,386,55,120,19.01,73.1
2019,1,2,8,30,98,337,649,68.36,24.9,649,98,337,19.01,73.1
2019,1,2,9,30,232,389,293,57.52,29.1,786,121,543,19.01,73.1
2019,1,2,10,30,132,698,857,48.69,32.3,857,132,698,19.01,73.1
2019,1,2,11,30,150,780,863,43.13,33.9,863,150,780,19.01,73.1
2019,1,2,12,30,150,794,869,42.17,34.7,869,150,794,19.01,73.1
2019,1,2,13,30,147,733,846,46.1,34.8,846,147,733,19.01,73.1
2019,1,2,14,30,143,595,766,53.85,34.3,766,143,595,19.01,73.1
2019,1,2,15,30,122,409,655,64.04,32.5,655,122,409,19.01,73.1
2019,1,2,16,30,84,194,445,75.68,28.5,445,84,194,19.01,73.1
2019,1,2,17,30,11,13,55,87.99,24.4,55,11,13,19.01,73.1
2019,1,2,18,30,0,0,0,101.36,22.5,0,0,0,19.01,73.1
2019,1,2,19,30,0,0,0,114.78,21.4,0,0,0,19.01,73.1
2019,1,2,20,30,0,0,0,128.42,20.5,0,0,0,19.01,73.1
2019,1,2,21,30,0,0,0,142.19,19.7,0,0,0,19.01,73.1
2019,1,2,22,30,0,0,0,155.99,19.1,0,0,0,19.01,73.1
2019,1,2,23,30,0,0,0,169.54,18.6,0,0,0,19.01,73.1
2019,1,3,0,30,0,0,0,174.23,18.2,0,0,0,19.01,73.1
2019,1,3,1,30,0,0,0,161.32,17.7,0,0,0,19.01,73.1
2019,1,3,2,30,0,0,0,147.55,17.3,0,0,0,19.01,73.1
2019,1,3,3,30,0,0,0,133.75,17,0,0,0,19.01,73.1
2019,1,3,4,30,0,0,0,120.05,16.8,0,0,0,19.01,73.1
2019,1,3,5,30,0,0,0,106.52,16.4,0,0,0,19.01,73.1
2019,1,3,6,30,0,0,0,93.29,17.6,0,0,0,19.01,73.1
2019,1,3,7,30,57,117,359,80.41,21.2,359,57,117,19.01,73.1
2019,1,3,8,30,101,333,630,68.4,25.6,630,101,333,19.01,73.1
2019,1,3,9,30,125,535,764,57.53,29.9,764,125,535,19.01,73.1
2019,1,3,10,30,138,688,832,48.67,32.9,832,138,688,19.01,73.1
2019,1,3,11,30,162,762,822,43.07,34.1,822,162,762,19.01,73.1
2019,1,3,12,30,162,778,829,42.07,34.6,829,162,778,19.01,73.1
2019,1,3,13,30,157,718,807,45.97,34.4,807,157,718,19.01,73.1
2019,1,3,14,30,162,576,699,53.71,33.7,699,162,576,19.01,73.1
2019,1,3,15,30,136,395,588,63.9,32.1,588,136,395,19.01,73.1
2019,1,3,16,30,90,185,382,75.54,28.3,382,90,185,19.01,73.1
2019,1,3,17,30,10,12,41,87.87,24.5,41,10,12,19.01,73.1
2019,1,3,18,30,0,0,0,101.23,22.7,0,0,0,19.01,73.1
2019,1,3,19,30,0,0,0,114.66,21.7,0,0,0,19.01,73.1
2019,1,3,20,30,0,0,0,128.3,20.8,0,0,0,19.01,73.1
2019,1,3,21,30,0,0,0,142.08,20.1,0,0,0,19.01,73.1
2019,1,3,22,30,0,0,0,155.89,19.4,0,0,0,19.01,73.1
2019,1,3,23,30,0,0,0,169.47,18.8,0,0,0,19.01,73.1
2019,1,4,0,30,0,0,0,174.37,18.3,0,0,0,19.01,73.1
2019,1,4,1,30,0,0,0,161.44,17.7,0,0,0,19.01,73.1
2019,1,4,2,30,0,0,0,147.66,17.3,0,0,0,19.01,73.1
2019,1,4,3,30,0,0,0,133.85,17,0,0,0,19.01,73.1
2019,1,4,4,30,0,0,0,120.14,16.9,0,0,0,19.01,73.1
2019,1,4,5,30,0,0,0,106.6,16.8,0,0,0,19.01,73.1
2019,1,4,6,30,0,0,0,93.36,18.1,0,0,0,19.01,73.1
2019,1,4,7,30,57,113,340,80.46,21,340,57,113,19.01,73.1
2019,1,4,8,30,105,328,607,68.43,25,607,105,328,19.01,73.1
2019,1,4,9,30,131,528,741,57.54,29.8,741,131,528,19.01,73.1
2019,1,4,10,30,146,682,811,48.64,33.1,811,146,682,19.01,73.1
2019,1,4,11,30,162,767,827,43,34.4,827,162,767,19.01,73.1
2019,1,4,12,30,163,782,834,41.96,35,834,163,782,19.01,73.1
2019,1,4,13,30,157,723,812,45.83,34.9,812,157,723,19.01,73.1
2019,1,4,14,30,156,586,724,53.56,34.3,724,156,586,19.01,73.1
2019,1,4,15,30,132,405,617,63.76,32.6,617,132,405,19.01,73.1
2019,1,4,16,30,87,192,415,75.4,28.7,415,87,192,19.01,73.1
2019,1,4,17,30,12,14,55,87.74,24.7,55,12,14,19.01,73.1
2019,1,4,18,30,0,0,0,101.1,22.8,0,0,0,19.01,73.1
2019,1,4,19,30,0,0,0,114.53,21.7,0,0,0,19.01,73.1
2019,1,4,20,30,0,0,0,128.19,20.8,0,0,0,19.01,73.1
2019,1,4,21,30,0,0,0,141.97,20,0,0,0,19.01,73.1
2019,1,4,22,30,0,0,0,155.8,19.4,0,0,0,19.01,73.1
2019,1,4,23,30,0,0,0,169.4,18.9,0,0,0,19.01,73.1
2019,1,5,0,30,0,0,0,174.52,18.6,0,0,0,19.01,73.1
2019,1,5,1,30,0,0,0,161.56,18.3,0,0,0,19.01,73.1
2019,1,5,2,30,0,0,0,147.76,18.2,0,0,0,19.01,73.1
2019,1,5,3,30,0,0,0,133.95,18.1,0,0,0,19.01,73.1
2019,1,5,4,30,0,0,0,120.22,18.1,0,0,0,19.01,73.1
2019,1,5,5,30,0,0,0,106.68,18,0,0,0,19.01,73.1
2019,1,5,6,30,0,0,0,93.42,19,0,0,0,19.01,73.1
2019,1,5,7,30,58,110,312,80.51,22.1,312,58,110,19.01,73.1
2019,1,5,8,30,111,322,576,68.46,26.1,576,111,322,19.01,73.1
2019,1,5,9,30,174,462,538,57.55,29.5,709,142,522,19.01,73.1
2019,1,5,10,30,160,672,775,48.61,31.9,775,160,672,19.01,73.1
2019,1,5,11,30,197,742,745,42.92,32.9,745,197,742,19.01,73.1
2019,1,5,12,30,202,756,744,41.84,33.2,744,202,756,19.01,73.1
2019,1,5,13,30,197,697,716,45.69,32.9,716,197,697,19.01,73.1
2019,1,5,14,30,197,559,607,53.41,32.2,607,197,559,19.01,73.1
2019,1,5,15,30,160,383,502,63.61,30.8,502,160,383,19.01,73.1
2019,1,5,16,30,99,180,318,75.26,27.5,318,99,180,19.01,73.1
2019,1,5,17,30,10,12,32,87.61,24.2,32,10,12,19.01,73.1
2019,1,5,18,30,0,0,0,100.97,22.7,0,0,0,19.01,73.1
2019,1,5,19,30,0,0,0,114.41,22,0,0,0,19.01,73.1
2019,1,5,20,30,0,0,0,128.07,21.5,0,0,0,19.01,73.1
2019,1,5,21,30,0,0,0,141.86,20.8,0,0,0,19.01,73.1
2019,1,5,22,30,0,0,0,155.7,19.9,0,0,0,19.01,73.1
2019,1,5,23,30,0,0,0,169.34,19,0,0,0,19.01,73.1
2019,1,6,0,30,0,0,0,174.67,18.3,0,0,0,19.01,73.1
2019,1,6,1,30,0,0,0,161.68,17.7,0,0,0,19.01,73.1
2019,1,6,2,30,0,0,0,147.87,17.3,0,0,0,19.01,73.1
2019,1,6,3,30,0,0,0,134.04,17,0,0,0,19.01,73.1
2019,1,6,4,30,0,0,0,120.31,16.8,0,0,0,19.01,73.1
2019,1,6,5,30,0,0,0,106.75,16.4,0,0,0,19.01,73.1
2019,1,6,6,30,0,0,0,93.48,17.6,0,0,0,19.01,73.1
2019,1,6,7,30,60,107,284,80.56,21.1,284,60,107,19.01,73.1
2019,1,6,8,30,117,320,553,68.49,25.4,553,117,320,19.01,73.1
2019,1,6,9,30,147,520,695,57.54,29,695,147,520,19.01,73.1
2019,1,6,10,30,163,679,779,48.57,31.3,779,163,679,19.01,73.1
2019,1,6,11,30,168,772,824,42.84,32.7,824,168,772,19.01,73.1
2019,1,6,12,30,163,792,842,41.71,33.4,842,163,792,19.01,73.1
2019,1,6,13,30,154,741,838,45.54,33.5,838,154,741,19.01,73.1
2019,1,6,14,30,149,608,767,53.26,32.9,767,149,608,19.01,73.1
2019,1,6,15,30,123,425,677,63.46,31.5,677,123,425,19.01,73.1
2019,1,6,16,30,84,208,483,75.11,28.1,483,84,208,19.01,73.1
2019,1,6,17,30,16,19,81,87.48,24.5,81,16,19,19.01,73.1
2019,1,6,18,30,0,0,0,100.84,22.8,0,0,0,19.01,73.1
2019,1,6,19,30,0,0,0,114.28,21.6,0,0,0,19.01,73.1
2019,1,6,20,30,0,0,0,127.95,20.5,0,0,0,19.01,73.1
2019,1,6,21,30,0,0,0,141.75,19.5,0,0,0,19.01,73.1
2019,1,6,22,30,0,0,0,155.6,18.8,0,0,0,19.01,73.1
2019,1,6,23,30,0,0,0,169.28,18.3,0,0,0,19.01,73.1
2019,1,7,0,30,0,0,0,174.82,17.8,0,0,0,19.01,73.1
2019,1,7,1,30,0,0,0,161.8,17.4,0,0,0,19.01,73.1
2019,1,7,2,30,0,0,0,147.97,17,0,0,0,19.01,73.1
2019,1,7,3,30,0,0,0,134.13,16.5,0,0,0,19.01,73.1
2019,1,7,4,30,0,0,0,120.39,16.3,0,0,0,19.01,73.1
2019,1,7,5,30,0,0,0,106.82,15.7,0,0,0,19.01,73.1
2019,1,7,6,30,0,0,0,93.54,16.3,0,0,0,19.01,73.1
2019,1,7,7,30,57,111,331,80.6,18.8,331,57,111,19.01,73.1
2019,1,7,8,30,107,326,597,68.51,23.1,597,107,326,19.01,73.1
2019,1,7,9,30,136,527,728,57.54,27.8,728,136,527,19.01,73.1
2019,1,7,10,30,154,677,791,48.53,31.3,791,154,677,19.01,73.1
2019,1,7,11,30,165,766,819,42.75,33.2,819,165,766,19.01,73.1
2019,1,7,12,30,166,783,825,41.58,34.2,825,166,783,19.01,73.1
2019,1,7,13,30,159,727,808,45.39,34.5,808,159,727,19.01,73.1
2019,1,7,14,30,149,599,751,53.1,34.2,751,149,599,19.01,73.1
2019,1,7,15,30,124,419,655,63.3,32.7,655,124,419,19.01,73.1
2019,1,7,16,30,85,205,465,74.97,29,465,85,205,19.01,73.1
2019,1,7,17,30,15,19,80,87.35,25,80,15,19,19.01,73.1
2019,1,7,18,30,0,0,0,100.7,23,0,0,0,19.01,73.1
2019,1,7,19,30,0,0,0,114.16,21.9,0,0,0,19.01,73.1
2019,1,7,20,30,0,0,0,127.84,21.1,0,0,0,19.01,73.1
2019,1,7,21,30,0,0,0,141.65,20.2,0,0,0,19.01,73.1
2019,1,7,22,30,0,0,0,155.51,19.2,0,0,0,19.01,73.1
2019,1,7,23,30,0,0,0,169.22,18.5,0,0,0,19.01,73.1
2019,1,8,0,30,0,0,0,174.98,18.1,0,0,0,19.01,73.1
2019,1,8,1,30,0,0,0,161.91,17.8,0,0,0,19.01,73.1
2019,1,8,2,30,0,0,0,148.07,17.4,0,0,0,19.01,73.1
2019,1,8,3,30,0,0,0,134.22,16.9,0,0,0,19.01,73.1
2019,1,8,4,30,0,0,0,120.47,16.6,0,0,0,19.01,73.1
2019,1,8,5,30,0,0,0,106.89,15.9,0,0,0,19.01,73.1
2019,1,8,6,30,0,0,0,93.59,16.5,0,0,0,19.01,73.1
2019,1,8,7,30,54,114,366,80.63,19,366,54,114,19.01,73.1
2019,1,8,8,30,99,332,636,68.52,23.5,636,99,332,19.01,73.1
2019,1,8,9,30,123,535,766,57.52,28.6,766,123,535,19.01,73.1
2019,1,8,10,30,137,691,834,48.47,32,834,137,691,19.01,73.1
2019,1,8,11,30,149,779,856,42.65,33.5,856,149,779,19.01,73.1
2019,1,8,12,30,151,798,863,41.44,34.1,863,151,798,19.01,73.1
2019,1,8,13,30,147,741,843,45.23,34,843,147,741,19.01,73.1
2019,1,8,14,30,142,609,775,52.94,33.4,775,142,609,19.01,73.1
2019,1,8,15,30,121,424,671,63.15,31.8,671,121,424,19.01,73.1
2019,1,8,16,30,84,209,478,74.82,28.2,478,84,209,19.01,73.1
2019,1,8,17,30,16,21,90,87.21,24.3,90,16,21,19.01,73.1
2019,1,8,18,30,0,0,0,100.57,22.3,0,0,0,19.01,73.1
2019,1,8,19,30,0,0,0,114.04,21,0,0,0,19.01,73.1
2019,1,8,20,30,0,0,0,127.72,19.9,0,0,0,19.01,73.1
2019,1,8,21,30,0,0,0,141.54,19,0,0,0,19.01,73.1
2019,1,8,22,30,0,0,0,155.42,18.4,0,0,0,19.01,73.1
2019,1,8,23,30,0,0,0,169.16,18.1,0,0,0,19.01,73.1
2019,1,9,0,30,0,0,0,175.14,17.7,0,0,0,19.01,73.1
2019,1,9,1,30,0,0,0,162.03,17.3,0,0,0,19.01,73.1
2019,1,9,2,30,0,0,0,148.17,16.9,0,0,0,19.01,73.1
2019,1,9,3,30,0,0,0,134.3,16.3,0,0,0,19.01,73.1
2019,1,9,4,30,0,0,0,120.54,16.1,0,0,0,19.01,73.1
2019,1,9,5,30,0,0,0,106.95,15.3,0,0,0,19.01,73.1
2019,1,9,6,30,0,0,0,93.64,16.7,0,0,0,19.01,73.1
2019,1,9,7,30,54,116,386,80.67,20.6,386,54,116,19.01,73.1
2019,1,9,8,30,95,339,665,68.53,24.8,665,95,339,19.01,73.1
2019,1,9,9,30,117,547,800,57.5,28.4,800,117,547,19.01,73.1
2019,1,9,10,30,129,707,872,48.41,31.4,872,129,707,19.01,73.1
2019,1,9,11,30,150,791,870,42.54,33.4,870,150,791,19.01,73.1
2019,1,9,12,30,149,811,881,41.3,34.1,881,149,811,19.01,73.1
2019,1,9,13,30,143,750,859,45.06,33.9,859,143,750,19.01,73.1
2019,1,9,14,30,147,615,773,52.77,33.2,773,147,615,19.01,73.1
2019,1,9,15,30,125,431,674,62.99,31.5,674,125,431,19.01,73.1
2019,1,9,16,30,87,214,479,74.67,27.7,479,87,214,19.01,73.1
2019,1,9,17,30,17,22,84,87.08,23.7,84,17,22,19.01,73.1
2019,1,9,18,30,0,0,0,100.44,21.7,0,0,0,19.01,73.1
2019,1,9,19,30,0,0,0,113.91,20.5,0,0,0,19.01,73.1
2019,1,9,20,30,0,0,0,127.61,19.5,0,0,0,19.01,73.1
2019,1,9,21,30,0,0,0,141.44,18.7,0,0,0,19.01,73.1
2019,1,9,22,30,0,0,0,155.33,17.9,0,0,0,19.01,73.1
2019,1,9,23,30,0,0,0,169.1,17.3,0,0,0,19.01,73.1
2019,1,10,0,30,0,0,0,175.31,16.8,0,0,0,19.01,73.1
2019,1,10,1,30,0,0,0,162.14,16.6,0,0,0,19.01,73.1
2019,1,10,2,30,0,0,0,148.26,16.4,0,0,0,19.01,73.1
2019,1,10,3,30,0,0,0,134.39,16.2,0,0,0,19.01,73.1
2019,1,10,4,30,0,0,0,120.61,16,0,0,0,19.01,73.1
2019,1,10,5,30,0,0,0,107.01,15.7,0,0,0,19.01,73.1
2019,1,10,6,30,0,0,0,93.68,16.8,0,0,0,19.01,73.1
2019,1,10,7,30,58,110,326,80.69,19.5,326,58,110,19.01,73.1
2019,1,10,8,30,107,330,609,68.53,23.7,609,107,330,19.01,73.1
2019,1,10,9,30,133,533,745,57.48,28.8,745,133,533,19.01,73.1
2019,1,10,10,30,148,691,817,48.35,32.4,817,148,691,19.01,73.1
2019,1,10,11,30,172,775,818,42.43,34.1,818,172,775,19.01,73.1
2019,1,10,12,30,173,795,826,41.14,34.7,826,173,795,19.01,73.1
2019,1,10,13,30,167,739,807,44.89,34.6,807,167,739,19.01,73.1
2019,1,10,14,30,169,602,713,52.6,33.9,713,169,602,19.01,73.1
2019,1,10,15,30,142,418,604,62.82,32.2,604,142,418,19.01,73.1
2019,1,10,16,30,97,206,409,74.51,28.3,409,97,206,19.01,73.1
2019,1,10,17,30,17,20,60,86.94,24.2,60,17,20,19.01,73.1
2019,1,10,18,30,0,0,0,100.31,22.3,0,0,0,19.01,73.1
2019,1,10,19,30,0,0,0,113.79,21.1,0,0,0,19.01,73.1
2019,1,10,20,30,0,0,0,127.49,20.1,0,0,0,19.01,73.1
2019,1,10,21,30,0,0,0,141.33,19.3,0,0,0,19.01,73.1
2019,1,10,22,30,0,0,0,155.24,18.8,0,0,0,19.01,73.1
2019,1,10,23,30,0,0,0,169.04,18.4,0,0,0,19.01,73.1
2019,1,11,0,30,0,0,0,175.47,17.8,0,0,0,19.01,73.1
2019,1,11,1,30,0,0,0,162.25,17.3,0,0,0,19.01,73.1
2019,1,11,2,30,0,0,0,148.35,16.9,0,0,0,19.01,73.1
2019,1,11,3,30,0,0,0,134.47,16.7,0,0,0,19.01,73.1
2019,1,11,4,30,0,0,0,120.68,16.6,0,0,0,19.01,73.1
2019,1,11,5,30,0,0,0,107.07,16.2,0,0,0,19.01,73.1
2019,1,11,6,30,0,0,0,93.72,17.6,0,0,0,19.01,73.1
2019,1,11,7,30,59,104,279,80.71,21.3,279,59,104,19.01,73.1
2019,1,11,8,30,118,317,546,68.53,25.2,546,118,317,19.01,73.1
2019,1,11,9,30,150,520,687,57.45,28.4,687,150,520,19.01,73.1
2019,1,11,10,30,167,677,766,48.28,31,766,167,677,19.01,73.1
2019,1,11,11,30,191,763,774,42.31,32.6,774,191,763,19.01,73.1
2019,1,11,12,30,190,785,788,40.99,33.3,788,190,785,19.01,73.1
2019,1,11,13,30,182,731,772,44.71,33.4,772,182,731,19.01,73.1
2019,1,11,14,30,180,597,685,52.42,32.7,685,180,597,19.01,73.1
2019,1,11,15,30,150,417,582,62.66,31.2,582,150,417,19.01,73.1
2019,1,11,16,30,100,205,387,74.36,27.6,387,100,205,19.01,73.1
2019,1,11,17,30,17,20,56,86.81,23.8,56,17,20,19.01,73.1
2019,1,11,18,30,0,0,0,100.17,22,0,0,0,19.01,73.1
2019,1,11,19,30,0,0,0,113.67,21,0,0,0,19.01,73.1
2019,1,11,20,30,0,0,0,127.38,20.3,0,0,0,19.01,73.1
2019,1,11,21,30,0,0,0,141.23,19.7,0,0,0,19.01,73.1
2019,1,11,22,30,0,0,0,155.15,19.2,0,0,0,19.01,73.1
2019,1,11,23,30,0,0,0,168.98,18.8,0,0,0,19.01,73.1
2019,1,12,0,30,0,0,0,175.64,18.5,0,0,0,19.01,73.1
2019,1,12,1,30,0,0,0,162.36,18.2,0,0,0,19.01,73.1
2019,1,12,2,30,0,0,0,148.44,18.1,0,0,0,19.01,73.1
2019,1,12,3,30,0,0,0,134.54,18.1,0,0,0,19.01,73.1
2019,1,12,4,30,0,0,0,120.74,18.1,0,0,0,19.01,73.1
2019,1,12,5,30,0,0,0,107.12,18,0,0,0,19.01,73.1
2019,1,12,6,30,0,0,0,93.76,18.6,0,0,0,19.01,73.1
2019,1,12,7,30,60,101,258,80.73,21.2,258,60,101,19.01,73.1
2019,1,12,8,30,120,313,527,68.53,24.9,527,120,313,19.01,73.1
2019,1,12,9,30,153,516,674,57.41,28.3,674,153,516,19.01,73.1
2019,1,12,10,30,169,673,756,48.2,30.5,756,169,673,19.01,73.1
2019,1,12,11,30,180,766,791,42.19,31.7,791,180,766,19.01,73.1
2019,1,12,12,30,178,788,806,40.82,32.2,806,178,788,19.01,73.1
2019,1,12,13,30,169,735,794,44.53,32,794,169,735,19.01,73.1
2019,1,12,14,30,154,609,742,52.24,31.2,742,154,609,19.01,73.1
2019,1,12,15,30,129,432,657,62.49,29.9,657,129,432,19.01,73.1
2019,1,12,16,30,89,220,483,74.2,26.9,483,89,220,19.01,73.1
2019,1,12,17,30,21,27,111,86.67,23.6,111,21,27,19.01,73.1
2019,1,12,18,30,0,0,0,100.04,21.9,0,0,0,19.01,73.1
2019,1,12,19,30,0,0,0,113.55,21,0,0,0,19.01,73.1
2019,1,12,20,30,0,0,0,127.27,20.2,0,0,0,19.01,73.1
2019,1,12,21,30,0,0,0,141.13,19.4,0,0,0,19.01,73.1
2019,1,12,22,30,0,0,0,155.06,18.6,0,0,0,19.01,73.1
2019,1,12,23,30,0,0,0,168.93,17.9,0,0,0,19.01,73.1
2019,1,13,0,30,0,0,0,175.81,17.3,0,0,0,19.01,73.1
2019,1,13,1,30,0,0,0,162.46,16.7,0,0,0,19.01,73.1
2019,1,13,2,30,0,0,0,148.53,16.3,0,0,0,19.01,73.1
2019,1,13,3,30,0,0,0,134.62,16,0,0,0,19.01,73.1
2019,1,13,4,30,0,0,0,120.8,15.8,0,0,0,19.01,73.1
2019,1,13,5,30,0,0,0,107.16,15.5,0,0,0,19.01,73.1
2019,1,13,6,30,0,0,0,93.79,16.9,0,0,0,19.01,73.1
2019,1,13,7,30,58,106,295,80.74,20.3,295,58,106,19.01,73.1
2019,1,13,8,30,113,320,564,68.52,24.6,564,113,320,19.01,73.1
2019,1,13,9,30,143,524,705,57.36,28.5,705,143,524,19.01,73.1
2019,1,13,10,30,162,683,780,48.11,30.8,780,162,683,19.01,73.1
2019,1,13,11,30,170,777,818,42.05,32.2,818,170,777,19.01,73.1
2019,1,13,12,30,169,799,830,40.65,32.9,830,169,799,19.01,73.1
2019,1,13,13,30,161,746,817,44.34,32.9,817,161,746,19.01,73.1
2019,1,13,14,30,159,614,740,52.06,32.4,740,159,614,19.01,73.1
2019,1,13,15,30,134,432,642,62.32,31.1,642,134,432,19.01,73.1
2019,1,13,16,30,93,219,456,74.05,28.1,456,93,219,19.01,73.1
2019,1,13,17,30,21,27,97,86.53,24.6,97,21,27,19.01,73.1
2019,1,13,18,30,0,0,0,99.91,22.8,0,0,0,19.01,73.1
2019,1,13,19,30,0,0,0,113.42,21.5,0,0,0,19.01,73.1
2019,1,13,20,30,0,0,0,127.16,20.4,0,0,0,19.01,73.1
2019,1,13,21,30,0,0,0,141.03,19.5,0,0,0,19.01,73.1
2019,1,13,22,30,0,0,0,154.98,18.8,0,0,0,19.01,73.1
2019,1,13,23,30,0,0,0,168.88,18.1,0,0,0,19.01,73.1
2019,1,14,0,30,0,0,0,175.99,17.6,0,0,0,19.01,73.1
2019,1,14,1,30,0,0,0,162.56,17.3,0,0,0,19.01,73.1
2019,1,14,2,30,0,0,0,148.61,17,0,0,0,19.01,73.1
2019,1,14,3,30,0,0,0,134.68,16.9,0,0,0,19.01,73.1
2019,1,14,4,30,0,0,0,120.86,16.8,0,0,0,19.01,73.1
2019,1,14,5,30,0,0,0,107.21,16.6,0,0,0,19.01,73.1
2019,1,14,6,30,0,0,0,93.82,17.4,0,0,0,19.01,73.1
2019,1,14,7,30,61,95,214,80.75,19.9,214,61,95,19.01,73.1
2019,1,14,8,30,134,301,455,68.5,24.2,455,134,301,19.01,73.1
2019,1,14,9,30,177,496,590,57.31,29.1,590,177,496,19.01,73.1
2019,1,14,10,30,204,649,665,48.02,32.5,665,204,649,19.01,73.1
2019,1,14,11,30,226,733,682,41.91,34.1,682,226,733,19.01,73.1
2019,1,14,12,30,229,753,688,40.47,35,688,229,753,19.01,73.1
2019,1,14,13,30,223,700,665,44.15,35.3,665,223,700,19.01,73.1
2019,1,14,14,30,213,573,582,51.87,35,582,213,573,19.01,73.1
2019,1,14,15,30,172,403,494,62.15,34,494,172,403,19.01,73.1
2019,1,14,16,30,108,198,323,73.89,31.6,323,108,198,19.01,73.1
2019,1,14,17,30,16,19,53,86.4,28.7,53,16,19,19.01,73.1
2019,1,14,18,30,0,0,0,99.78,26.3,0,0,0,19.01,73.1
2019,1,14,19,30,0,0,0,113.3,24.5,0,0,0,19.01,73.1
2019,1,14,20,30,0,0,0,127.05,23.5,0,0,0,19.01,73.1
2019,1,14,21,30,0,0,0,140.93,22.8,0,0,0,19.01,73.1
2019,1,14,22,30,0,0,0,154.9,22,0,0,0,19.01,73.1
2019,1,14,23,30,0,0,0,168.82,21.1,0,0,0,19.01,73.1
2019,1,15,0,30,0,0,0,176.16,20.3,0,0,0,19.01,73.1
2019,1,15,1,30,0,0,0,162.66,19.6,0,0,0,19.01,73.1
2019,1,15,2,30,0,0,0,148.69,19.1,0,0,0,19.01,73.1
2019,1,15,3,30,0,0,0,134.75,18.8,0,0,0,19.01,73.1
2019,1,15,4,30,0,0,0,120.91,18.6,0,0,0,19.01,73.1
2019,1,15,5,30,0,0,0,107.25,18.4,0,0,0,19.01,73.1
2019,1,15,6,30,0,0,0,93.84,19,0,0,0,19.01,73.1
2019,1,15,7,30,60,87,167,80.75,21.4,167,60,87,19.01,73.1
2019,1,15,8,30,145,288,389,68.48,25.8,389,145,288,19.01,73.1
2019,1,15,9,30,198,481,522,57.26,30.4,522,198,481,19.01,73.1
2019,1,15,10,30,228,633,605,47.92,33.1,605,228,633,19.01,73.1
2019,1,15,11,30,235,728,661,41.76,34.3,661,235,728,19.01,73.1
2019,1,15,12,30,231,752,683,40.28,35,683,231,752,19.01,73.1
2019,1,15,13,30,219,703,672,43.95,35.2,672,219,703,19.01,73.1
2019,1,15,14,30,212,575,585,51.68,34.9,585,212,575,19.01,73.1
2019,1,15,15,30,173,402,488,61.97,33.8,488,173,402,19.01,73.1
2019,1,15,16,30,110,199,315,73.73,30.7,315,110,199,19.01,73.1
2019,1,15,17,30,17,20,55,86.25,27.1,55,17,20,19.01,73.1
2019,1,15,18,30,0,0,0,99.65,25.2,0,0,0,19.01,73.1
2019,1,15,19,30,0,0,0,113.18,24.1,0,0,0,19.01,73.1
2019,1,15,20,30,0,0,0,126.94,23.1,0,0,0,19.01,73.1
2019,1,15,21,30,0,0,0,140.84,22.2,0,0,0,19.01,73.1
2019,1,15,22,30,0,0,0,154.81,21.4,0,0,0,19.01,73.1
2019,1,15,23,30,0,0,0,168.77,20.9,0,0,0,19.01,73.1
2019,1,16,0,30,0,0,0,176.33,20.5,0,0,0,19.01,73.1
2019,1,16,1,30,0,0,0,162.76,20.2,0,0,0,19.01,73.1
2019,1,16,2,30,0,0,0,148.77,20,0,0,0,19.01,73.1
2019,1,16,3,30,0,0,0,134.81,19.7,0,0,0,19.01,73.1
2019,1,16,4,30,0,0,0,120.96,19.4,0,0,0,19.01,73.1
2019,1,16,5,30,0,0,0,107.28,18.7,0,0,0,19.01,73.1
2019,1,16,6,30,0,0,0,93.86,19.4,0,0,0,19.01,73.1
2019,1,16,7,30,60,89,185,80.75,21.9,185,60,89,19.01,73.1
2019,1,16,8,30,139,291,414,68.45,26.2,414,139,291,19.01,73.1
2019,1,16,9,30,186,486,554,57.2,30.8,554,186,486,19.01,73.1
2019,1,16,10,30,214,640,635,47.82,33.5,635,214,640,19.01,73.1
2019,1,16,11,30,240,724,648,41.61,34.6,648,240,724,19.01,73.1
2019,1,16,12,30,242,746,659,40.09,35.2,659,242,746,19.01,73.1
2019,1,16,13,30,235,694,636,43.75,35.3,636,235,694,19.01,73.1
2019,1,16,14,30,226,573,558,51.49,34.7,558,226,573,19.01,73.1
2019,1,16,15,30,187,398,447,61.79,33.4,447,187,398,19.01,73.1
2019,1,16,16,30,117,194,272,73.57,30.4,272,117,194,19.01,73.1
2019,1,16,17,30,16,19,45,86.11,27.1,45,16,19,19.01,73.1
2019,1,16,18,30,0,0,0,99.51,25.1,0,0,0,19.01,73.1
2019,1,16,19,30,0,0,0,113.06,23.8,0,0,0,19.01,73.1
2019,1,16,20,30,0,0,0,126.83,22.9,0,0,0,19.01,73.1
2019,1,16,21,30,0,0,0,140.74,22.2,0,0,0,19.01,73.1
2019,1,16,22,30,0,0,0,154.73,21.7,0,0,0,19.01,73.1
2019,1,16,23,30,0,0,0,168.72,21.2,0,0,0,19.01,73.1
2019,1,17,0,30,0,0,0,176.5,20.7,0,0,0,19.01,73.1
2019,1,17,1,30,0,0,0,162.85,20.2,0,0,0,19.01,73.1
2019,1,17,2,30,0,0,0,148.84,19.6,0,0,0,19.01,73.1
2019,1,17,3,30,0,0,0,134.87,19,0,0,0,19.01,73.1
2019,1,17,4,30,0,0,0,121.01,18.8,0,0,0,19.01,73.1
2019,1,17,5,30,0,0,0,107.31,18.2,0,0,0,19.01,73.1
2019,1,17,6,30,0,0,0,93.87,19.6,0,0,0,19.01,73.1
2019,1,17,7,30,59,98,239,80.75,22.7,239,59,98,19.01,73.1
2019,1,17,8,30,128,308,489,68.42,26.9,489,128,308,19.01,73.1
2019,1,17,9,30,168,509,629,57.13,31.2,629,168,509,19.01,73.1
2019,1,17,10,30,190,667,708,47.71,33.8,708,190,667,19.01,73.1
2019,1,17,11,30,210,757,730,41.45,35.1,730,210,757,19.01,73.1
2019,1,17,12,30,211,780,741,39.89,35.8,741,211,780,19.01,73.1
2019,1,17,13,30,204,728,723,43.54,36,723,204,728,19.01,73.1
2019,1,17,14,30,195,598,645,51.29,35.5,645,195,598,19.01,73.1
2019,1,17,15,30,162,422,547,61.61,34.2,547,162,422,19.01,73.1
2019,1,17,16,30,107,214,374,73.41,30.8,374,107,214,19.01,73.1
2019,1,17,17,30,21,26,82,85.97,26.9,82,21,26,19.01,73.1
2019,1,17,18,30,0,0,0,99.38,24.9,0,0,0,19.01,73.1
2019,1,17,19,30,0,0,0,112.95,23.6,0,0,0,19.01,73.1
2019,1,17,20,30,0,0,0,126.73,22.7,0,0,0,19.01,73.1
2019,1,17,21,30,0,0,0,140.65,21.9,0,0,0,19.01,73.1
2019,1,17,22,30,0,0,0,154.65,21.3,0,0,0,19.01,73.1
2019,1,17,23,30,0,0,0,168.66,20.7,0,0,0,19.01,73.1
2019,1,18,0,30,0,0,0,176.66,20.1,0,0,0,19.01,73.1
2019,1,18,1,30,0,0,0,162.93,19.5,0,0,0,19.01,73.1
2019,1,18,2,30,0,0,0,148.91,19.1,0,0,0,19.01,73.1
2019,1,18,3,30,0,0,0,134.93,18.6,0,0,0,19.01,73.1
2019,1,18,4,30,0,0,0,121.05,18.5,0,0,0,19.01,73.1
2019,1,18,5,30,0,0,0,107.34,18.1,0,0,0,19.01,73.1
2019,1,18,6,30,0,0,0,93.88,19.5,0,0,0,19.01,73.1
2019,1,18,7,30,58,103,274,80.73,22.7,274,58,103,19.01,73.1
2019,1,18,8,30,119,317,535,68.38,26.9,535,119,317,19.01,73.1
2019,1,18,9,30,154,520,674,57.06,31.6,674,154,520,19.01,73.1
2019,1,18,10,30,174,679,749,47.59,34.5,749,174,679,19.01,73.1
2019,1,18,11,30,186,774,783,41.28,35.7,783,186,774,19.01,73.1
2019,1,18,12,30,188,794,787,39.69,36.2,787,188,794,19.01,73.1
2019,1,18,13,30,184,740,765,43.33,36.1,765,184,740,19.01,73.1
2019,1,18,14,30,175,617,703,51.09,35.4,703,175,617,19.01,73.1
2019,1,18,15,30,149,438,604,61.43,34.1,604,149,438,19.01,73.1
2019,1,18,16,30,103,226,426,73.25,30.7,426,103,226,19.01,73.1
2019,1,18,17,30,24,31,103,85.83,26.8,103,24,31,19.01,73.1
2019,1,18,18,30,0,0,0,99.25,24.5,0,0,0,19.01,73.1
2019,1,18,19,30,0,0,0,112.83,23.2,0,0,0,19.01,73.1
2019,1,18,20,30,0,0,0,126.62,22.3,0,0,0,19.01,73.1
2019,1,18,21,30,0,0,0,140.55,21.7,0,0,0,19.01,73.1
2019,1,18,22,30,0,0,0,154.57,21.3,0,0,0,19.01,73.1
2019,1,18,23,30,0,0,0,168.61,20.9,0,0,0,19.01,73.1
2019,1,19,0,30,0,0,0,176.83,20.4,0,0,0,19.01,73.1
2019,1,19,1,30,0,0,0,163.02,20,0,0,0,19.01,73.1
2019,1,19,2,30,0,0,0,148.97,19.7,0,0,0,19.01,73.1
2019,1,19,3,30,0,0,0,134.98,19.4,0,0,0,19.01,73.1
2019,1,19,4,30,0,0,0,121.08,19.3,0,0,0,19.01,73.1
2019,1,19,5,30,0,0,0,107.36,18.8,0,0,0,19.01,73.1
2019,1,19,6,30,0,0,0,93.89,19.5,0,0,0,19.01,73.1
2019,1,19,7,30,60,103,267,80.72,22,267,60,103,19.01,73.1
2019,1,19,8,30,124,316,521,68.33,26.4,521,124,316,19.01,73.1
2019,1,19,9,30,162,517,652,56.98,31.3,652,162,517,19.01,73.1
2019,1,19,10,30,184,675,725,47.46,34.2,725,184,675,19.01,73.1
2019,1,19,11,30,205,762,740,41.11,35.4,740,205,762,19.01,73.1
2019,1,19,12,30,207,785,749,39.48,35.9,749,207,785,19.01,73.1
2019,1,19,13,30,201,734,730,43.11,35.8,730,201,734,19.01,73.1
2019,1,19,14,30,216,591,595,50.89,35.1,595,216,591,19.01,73.1
2019,1,19,15,30,179,416,492,61.25,33.8,492,179,416,19.01,73.1
2019,1,19,16,30,119,212,320,73.09,30.6,320,119,212,19.01,73.1
2019,1,19,17,30,22,26,59,85.69,27,59,22,26,19.01,73.1
2019,1,19,18,30,0,0,0,99.12,24.9,0,0,0,19.01,73.1
2019,1,19,19,30,0,0,0,112.71,23.6,0,0,0,19.01,73.1
2019,1,19,20,30,0,0,0,126.52,22.6,0,0,0,19.01,73.1
2019,1,19,21,30,0,0,0,140.46,21.8,0,0,0,19.01,73.1
2019,1,19,22,30,0,0,0,154.49,21.3,0,0,0,19.01,73.1
2019,1,19,23,30,0,0,0,168.55,20.9,0,0,0,19.01,73.1
2019,1,20,0,30,0,0,0,176.98,20.8,0,0,0,19.01,73.1
2019,1,20,1,30,0,0,0,163.09,20.6,0,0,0,19.01,73.1
2019,1,20,2,30,0,0,0,149.03,20.2,0,0,0,19.01,73.1
2019,1,20,3,30,0,0,0,135.02,19.7,0,0,0,19.01,73.1
2019,1,20,4,30,0,0,0,121.12,19.4,0,0,0,19.01,73.1
2019,1,20,5,30,0,0,0,107.37,19,0,0,0,19.01,73.1
2019,1,20,6,30,0,0,0,93.89,20.5,0,0,0,19.01,73.1
2019,1,20,7,30,61,95,210,80.7,23.7,210,61,95,19.01,73.1
2019,1,20,8,30,136,304,455,68.28,27.8,455,136,304,19.01,73.1
2019,1,20,9,30,180,504,592,56.89,32.1,592,180,504,19.01,73.1
2019,1,20,10,30,205,662,673,47.33,34.5,673,205,662,19.01,73.1
2019,1,20,11,30,225,753,699,40.93,35.7,699,225,753,19.01,73.1
2019,1,20,12,30,226,777,712,39.26,36.3,712,226,777,19.01,73.1
2019,1,20,13,30,218,727,694,42.89,36.3,694,218,727,19.01,73.1
2019,1,20,14,30,219,592,589,50.69,35.7,589,219,592,19.01,73.1
2019,1,20,15,30,182,417,487,61.07,34.3,487,182,417,19.01,73.1
2019,1,20,16,30,118,211,316,72.93,31,316,118,211,19.01,73.1
2019,1,20,17,30,21,26,63,85.55,27.3,63,21,26,19.01,73.1
2019,1,20,18,30,0,0,0,98.99,25.2,0,0,0,19.01,73.1
2019,1,20,19,30,0,0,0,112.6,23.9,0,0,0,19.01,73.1
2019,1,20,20,30,0,0,0,126.41,22.9,0,0,0,19.01,73.1
2019,1,20,21,30,0,0,0,140.37,22.2,0,0,0,19.01,73.1
2019,1,20,22,30,0,0,0,154.42,21.6,0,0,0,19.01,73.1
2019,1,20,23,30,0,0,0,168.5,21.2,0,0,0,19.01,73.1
2019,1,21,0,30,0,0,0,177.13,21,0,0,0,19.01,73.1
2019,1,21,1,30,0,0,0,163.16,21,0,0,0,19.01,73.1
2019,1,21,2,30,0,0,0,149.09,20.8,0,0,0,19.01,73.1
2019,1,21,3,30,0,0,0,135.06,20.5,0,0,0,19.01,73.1
2019,1,21,4,30,0,0,0,121.14,20.3,0,0,0,19.01,73.1
2019,1,21,5,30,0,0,0,107.39,19.9,0,0,0,19.01,73.1
2019,1,21,6,30,0,0,0,93.88,20.6,0,0,0,19.01,73.1
2019,1,21,7,30,61,86,154,80.67,23.1,154,61,86,19.01,73.1
2019,1,21,8,30,151,291,378,68.23,26.5,378,151,291,19.01,73.1
2019,1,21,9,30,202,489,524,56.8,29.6,524,202,489,19.01,73.1
2019,1,21,10,30,230,647,613,47.2,32,613,230,647,19.01,73.1
2019,1,21,11,30,245,746,662,40.74,33.2,662,245,746,19.01,73.1
2019,1,21,12,30,243,775,684,39.04,33.5,684,243,775,19.01,73.1
2019,1,21,13,30,229,725,675,42.66,33.2,675,229,725,19.01,73.1
2019,1,21,14,30,210,606,622,50.48,32.3,622,210,606,19.01,73.1
2019,1,21,15,30,171,434,540,60.88,30.8,540,171,434,19.01,73.1
2019,1,21,16,30,115,227,381,72.76,28.2,381,115,227,19.01,73.1
2019,1,21,17,30,27,35,90,85.41,25.3,90,27,35,19.01,73.1
2019,1,21,18,30,0,0,0,98.86,23.5,0,0,0,19.01,73.1
2019,1,21,19,30,0,0,0,112.48,22.4,0,0,0,19.01,73.1
2019,1,21,20,30,0,0,0,126.31,21.6,0,0,0,19.01,73.1
2019,1,21,21,30,0,0,0,140.28,20.9,0,0,0,19.01,73.1
2019,1,21,22,30,0,0,0,154.34,20.4,0,0,0,19.01,73.1
2019,1,21,23,30,0,0,0,168.44,20,0,0,0,19.01,73.1
2019,1,22,0,30,0,0,0,177.26,19.5,0,0,0,19.01,73.1
2019,1,22,1,30,0,0,0,163.23,19,0,0,0,19.01,73.1
2019,1,22,2,30,0,0,0,149.14,18.6,0,0,0,19.01,73.1
2019,1,22,3,30,0,0,0,135.1,18.3,0,0,0,19.01,73.1
2019,1,22,4,30,0,0,0,121.17,18.2,0,0,0,19.01,73.1
2019,1,22,5,30,0,0,0,107.4,17.9,0,0,0,19.01,73.1
2019,1,22,6,30,0,0,0,93.87,19,0,0,0,19.01,73.1
2019,1,22,7,30,69,98,177,80.64,21.4,177,69,98,19.01,73.1
2019,1,22,8,30,139,310,458,68.17,23.9,458,139,310,19.01,73.1
2019,1,22,9,30,174,513,617,56.71,26.4,617,174,513,19.01,73.1
2019,1,22,10,30,191,673,708,47.06,28.4,708,191,673,19.01,73.1
2019,1,22,11,30,189,774,770,40.55,29.6,770,189,774,19.01,73.1
2019,1,22,12,30,189,799,783,38.81,30.2,783,189,799,19.01,73.1
2019,1,22,13,30,180,750,771,42.43,30.1,771,180,750,19.01,73.1
2019,1,22,14,30,181,623,692,50.27,29.5,692,181,623,19.01,73.1
2019,1,22,15,30,150,450,613,60.7,28.5,613,150,450,19.01,73.1
2019,1,22,16,30,106,240,449,72.6,26.5,449,106,240,19.01,73.1
2019,1,22,17,30,31,42,123,85.27,24.2,123,31,42,19.01,73.1
2019,1,22,18,30,0,0,0,98.74,22.6,0,0,0,19.01,73.1
2019,1,22,19,30,0,0,0,112.37,21.7,0,0,0,19.01,73.1
2019,1,22,20,30,0,0,0,126.21,21,0,0,0,19.01,73.1
2019,1,22,21,30,0,0,0,140.19,20.4,0,0,0,19.01,73.1
2019,1,22,22,30,0,0,0,154.27,19.9,0,0,0,19.01,73.1
2019,1,22,23,30,0,0,0,168.38,19.5,0,0,0,19.01,73.1
2019,1,23,0,30,0,0,0,177.38,19.1,0,0,0,19.01,73.1
2019,1,23,1,30,0,0,0,163.29,18.7,0,0,0,19.01,73.1
2019,1,23,2,30,0,0,0,149.18,18.2,0,0,0,19.01,73.1
2019,1,23,3,30,0,0,0,135.13,17.8,0,0,0,19.01,73.1
2019,1,23,4,30,0,0,0,121.19,17.6,0,0,0,19.01,73.1
2019,1,23,5,30,0,0,0,107.4,17.4,0,0,0,19.01,73.1
2019,1,23,6,30,0,0,0,93.86,18.7,0,0,0,19.01,73.1
2019,1,23,7,30,63,110,285,80.6,21.4,285,63,110,19.01,73.1
2019,1,23,8,30,105,331,608,68.11,24,608,105,331,19.01,73.1
2019,1,23,9,30,248,376,233,56.61,26.2,757,123,539,19.01,73.1
2019,1,23,10,30,332,426,139,46.91,27.9,840,129,703,19.01,73.1
2019,1,23,11,30,382,505,162,40.35,29,785,180,778,19.01,73.1
2019,1,23,12,30,177,804,803,38.58,29.7,803,177,804,19.01,73.1
2019,1,23,13,30,367,522,209,42.2,29.7,788,171,755,19.01,73.1
2019,1,23,14,30,145,642,773,50.05,29.2,773,145,642,19.01,73.1
2019,1,23,15,30,127,464,686,60.51,28.1,686,127,464,19.01,73.1
2019,1,23,16,30,95,249,510,72.44,26.2,510,95,249,19.01,73.1
2019,1,23,17,30,33,46,146,85.13,24,146,33,46,19.01,73.1
2019,1,23,18,30,0,0,0,98.61,22.3,0,0,0,19.01,73.1
2019,1,23,19,30,0,0,0,112.25,21.2,0,0,0,19.01,73.1
2019,1,23,20,30,0,0,0,126.11,20.2,0,0,0,19.01,73.1
2019,1,23,21,30,0,0,0,140.11,19.3,0,0,0,19.01,73.1
2019,1,23,22,30,0,0,0,154.19,18.5,0,0,0,19.01,73.1
2019,1,23,23,30,0,0,0,168.33,17.7,0,0,0,19.01,73.1
2019,1,24,0,30,0,0,0,177.48,17.1,0,0,0,19.01,73.1
2019,1,24,1,30,0,0,0,163.35,16.6,0,0,0,19.01,73.1
2019,1,24,2,30,0,0,0,149.22,16.2,0,0,0,19.01,73.1
2019,1,24,3,30,0,0,0,135.16,15.8,0,0,0,19.01,73.1
2019,1,24,4,30,0,0,0,121.2,15.6,0,0,0,19.01,73.1
2019,1,24,5,30,0,0,0,107.4,15.3,0,0,0,19.01,73.1
2019,1,24,6,30,0,0,0,93.84,16.8,0,0,0,19.01,73.1
2019,1,24,7,30,60,112,320,80.56,20.3,320,60,112,19.01,73.1
2019,1,24,8,30,108,333,600,68.04,24,600,108,333,19.01,73.1
2019,1,24,9,30,135,542,736,56.5,27.1,736,135,542,19.01,73.1
2019,1,24,10,30,151,705,808,46.75,29.2,808,151,705,19.01,73.1
2019,1,24,11,30,144,811,872,40.14,30.5,872,144,811,19.01,73.1
2019,1,24,12,30,144,836,883,38.34,31.1,883,144,836,19.01,73.1
2019,1,24,13,30,140,786,868,41.96,31,868,140,786,19.01,73.1
2019,1,24,14,30,151,651,775,49.84,30.2,775,151,651,19.01,73.1
2019,1,24,15,30,132,471,685,60.32,28.7,685,132,471,19.01,73.1
2019,1,24,16,30,98,254,512,72.27,26.3,512,98,254,19.01,73.1
2019,1,24,17,30,34,47,153,84.99,23.6,153,34,47,19.01,73.1
2019,1,24,18,30,0,0,0,98.48,21.8,0,0,0,19.01,73.1
2019,1,24,19,30,0,0,0,112.14,20.8,0,0,0,19.01,73.1
2019,1,24,20,30,0,0,0,126.01,19.9,0,0,0,19.01,73.1
2019,1,24,21,30,0,0,0,140.02,19,0,0,0,19.01,73.1
2019,1,24,22,30,0,0,0,154.12,18.1,0,0,0,19.01,73.1
2019,1,24,23,30,0,0,0,168.26,17.3,0,0,0,19.01,73.1
2019,1,25,0,30,0,0,0,177.56,16.6,0,0,0,19.01,73.1
2019,1,25,1,30,0,0,0,163.4,16,0,0,0,19.01,73.1
2019,1,25,2,30,0,0,0,149.26,15.5,0,0,0,19.01,73.1
2019,1,25,3,30,0,0,0,135.18,15,0,0,0,19.01,73.1
2019,1,25,4,30,0,0,0,121.21,14.7,0,0,0,19.01,73.1
2019,1,25,5,30,0,0,0,107.39,14.1,0,0,0,19.01,73.1
2019,1,25,6,30,0,0,0,93.81,15.6,0,0,0,19.01,73.1
2019,1,25,7,30,57,119,376,80.51,19,376,57,119,19.01,73.1
2019,1,25,8,30,100,350,668,67.96,23,668,100,350,19.01,73.1
2019,1,25,9,30,121,567,804,56.39,26.3,804,121,567,19.01,73.1
2019,1,25,10,30,133,735,876,46.59,28.3,876,133,735,19.01,73.1
2019,1,25,11,30,146,833,897,39.93,29.7,897,146,833,19.01,73.1
2019,1,25,12,30,146,864,913,38.09,30.5,913,146,864,19.01,73.1
2019,1,25,13,30,141,812,899,41.71,30.7,899,141,812,19.01,73.1
2019,1,25,14,30,136,684,845,49.62,30.3,845,136,684,19.01,73.1
2019,1,25,15,30,119,497,759,60.13,29.1,759,119,497,19.01,73.1
2019,1,25,16,30,91,270,585,72.11,26.6,585,91,270,19.01,73.1
2019,1,25,17,30,33,51,202,84.85,23.5,202,33,51,19.01,73.1
2019,1,25,18,30,0,0,0,98.36,21.7,0,0,0,19.01,73.1
2019,1,25,19,30,0,0,0,112.03,20.6,0,0,0,19.01,73.1
2019,1,25,20,30,0,0,0,125.92,19.5,0,0,0,19.01,73.1
2019,1,25,21,30,0,0,0,139.94,18.4,0,0,0,19.01,73.1
2019,1,25,22,30,0,0,0,154.04,17.4,0,0,0,19.01,73.1
2019,1,25,23,30,0,0,0,168.2,16.5,0,0,0,19.01,73.1
2019,1,26,0,30,0,0,0,177.61,15.7,0,0,0,19.01,73.1
2019,1,26,1,30,0,0,0,163.44,15.1,0,0,0,19.01,73.1
2019,1,26,2,30,0,0,0,149.29,14.5,0,0,0,19.01,73.1
2019,1,26,3,30,0,0,0,135.2,14,0,0,0,19.01,73.1
2019,1,26,4,30,0,0,0,121.22,13.7,0,0,0,19.01,73.1
2019,1,26,5,30,0,0,0,107.38,13.2,0,0,0,19.01,73.1
2019,1,26,6,30,0,0,0,93.78,14.4,0,0,0,19.01,73.1
2019,1,26,7,30,59,115,337,80.46,17.5,337,59,115,19.01,73.1
2019,1,26,8,30,111,340,608,67.88,22,608,111,340,19.01,73.1
2019,1,26,9,30,140,552,742,56.27,26.3,742,140,552,19.01,73.1
2019,1,26,10,30,155,715,812,46.43,29.1,812,155,715,19.01,73.1
2019,1,26,11,30,188,802,799,39.71,30.8,799,188,802,19.01,73.1
2019,1,26,12,30,191,825,803,37.84,31.8,803,191,825,19.01,73.1
2019,1,26,13,30,188,776,785,41.47,32.2,785,188,776,19.01,73.1
2019,1,26,14,30,208,635,656,49.4,32,656,208,635,19.01,73.1
2019,1,26,15,30,177,457,558,59.94,31.1,558,177,457,19.01,73.1
2019,1,26,16,30,124,241,380,71.94,28.4,380,124,241,19.01,73.1
2019,1,26,17,30,32,41,90,84.71,25.1,90,32,41,19.01,73.1
2019,1,26,18,30,0,0,0,98.23,23.4,0,0,0,19.01,73.1
2019,1,26,19,30,0,0,0,111.92,22.5,0,0,0,19.01,73.1
2019,1,26,20,30,0,0,0,125.82,21.7,0,0,0,19.01,73.1
2019,1,26,21,30,0,0,0,139.85,20.9,0,0,0,19.01,73.1
2019,1,26,22,30,0,0,0,153.97,20,0,0,0,19.01,73.1
2019,1,26,23,30,0,0,0,168.14,19.3,0,0,0,19.01,73.1
2019,1,27,0,30,0,0,0,177.64,18.6,0,0,0,19.01,73.1
2019,1,27,1,30,0,0,0,163.47,18,0,0,0,19.01,73.1
2019,1,27,2,30,0,0,0,149.32,17.4,0,0,0,19.01,73.1
2019,1,27,3,30,0,0,0,135.22,17,0,0,0,19.01,73.1
2019,1,27,4,30,0,0,0,121.22,16.8,0,0,0,19.01,73.1
2019,1,27,5,30,0,0,0,107.37,16.5,0,0,0,19.01,73.1
2019,1,27,6,30,0,0,0,93.75,17.4,0,0,0,19.01,73.1
2019,1,27,7,30,71,97,159,80.41,20.2,159,71,97,19.01,73.1
2019,1,27,8,30,163,307,382,67.8,24,382,163,307,19.01,73.1
2019,1,27,9,30,216,510,528,56.15,27.3,528,216,510,19.01,73.1
2019,1,27,10,30,242,671,620,46.26,29.6,620,242,671,19.01,73.1
2019,1,27,11,30,285,758,613,39.49,31.2,613,285,758,19.01,73.1
2019,1,27,12,30,278,780,633,37.58,32.1,633,278,780,19.01,73.1
2019,1,27,13,30,268,732,617,41.22,32.5,617,268,732,19.01,73.1
2019,1,27,14,30,229,622,601,49.18,32.4,601,229,622,19.01,73.1
2019,1,27,15,30,191,450,514,59.75,31.6,514,191,450,19.01,73.1
2019,1,27,16,30,130,241,355,71.78,29.3,355,130,241,19.01,73.1
2019,1,27,17,30,35,43,86,84.57,26.4,86,35,43,19.01,73.1
2019,1,27,18,30,0,0,0,98.11,24.9,0,0,0,19.01,73.1
2019,1,27,19,30,0,0,0,111.81,24.1,0,0,0,19.01,73.1
2019,1,27,20,30,0,0,0,125.72,23.2,0,0,0,19.01,73.1
2019,1,27,21,30,0,0,0,139.77,22.3,0,0,0,19.01,73.1
2019,1,27,22,30,0,0,0,153.9,21.5,0,0,0,19.01,73.1
2019,1,27,23,30,0,0,0,168.07,20.7,0,0,0,19.01,73.1
2019,1,28,0,30,0,0,0,177.63,20,0,0,0,19.01,73.1
2019,1,28,1,30,0,0,0,163.5,19.3,0,0,0,19.01,73.1
2019,1,28,2,30,0,0,0,149.34,18.8,0,0,0,19.01,73.1
2019,1,28,3,30,0,0,0,135.23,18.3,0,0,0,19.01,73.1
2019,1,28,4,30,0,0,0,121.21,18.1,0,0,0,19.01,73.1
2019,1,28,5,30,0,0,0,107.35,17.6,0,0,0,19.01,73.1
2019,1,28,6,30,0,0,0,93.71,18.1,0,0,0,19.01,73.1
2019,1,28,7,30,68,109,240,80.35,20.4,240,68,109,19.01,73.1
2019,1,28,8,30,133,329,517,67.71,23.7,517,133,329,19.01,73.1
2019,1,28,9,30,165,540,671,56.02,26.6,671,165,540,19.01,73.1
2019,1,28,10,30,184,705,752,46.08,28.9,752,184,705,19.01,73.1
2019,1,28,11,30,205,800,769,39.26,30.5,769,205,800,19.01,73.1
2019,1,28,12,30,201,827,786,37.32,31.4,786,201,827,19.01,73.1
2019,1,28,13,30,187,784,791,40.96,31.8,791,187,784,19.01,73.1
2019,1,28,14,30,180,661,733,48.95,31.6,733,180,661,19.01,73.1
2019,1,28,15,30,152,482,651,59.56,30.8,651,152,482,19.01,73.1
2019,1,28,16,30,109,264,491,71.62,28.3,491,109,264,19.01,73.1
2019,1,28,17,30,37,53,158,84.43,25,158,37,53,19.01,73.1
2019,1,28,18,30,0,0,0,97.99,23.1,0,0,0,19.01,73.1
2019,1,28,19,30,0,0,0,111.71,22.1,0,0,0,19.01,73.1
2019,1,28,20,30,0,0,0,125.63,21.2,0,0,0,19.01,73.1
2019,1,28,21,30,0,0,0,139.69,20.3,0,0,0,19.01,73.1
2019,1,28,22,30,0,0,0,153.82,19.5,0,0,0,19.01,73.1
2019,1,28,23,30,0,0,0,168,18.8,0,0,0,19.01,73.1
2019,1,29,0,30,0,0,0,177.59,18.2,0,0,0,19.01,73.1
2019,1,29,1,30,0,0,0,163.52,17.7,0,0,0,19.01,73.1
2019,1,29,2,30,0,0,0,149.35,17.2,0,0,0,19.01,73.1
2019,1,29,3,30,0,0,0,135.23,16.7,0,0,0,19.01,73.1
2019,1,29,4,30,0,0,0,121.2,16.4,0,0,0,19.01,73.1
2019,1,29,5,30,0,0,0,107.32,15.8,0,0,0,19.01,73.1
2019,1,29,6,30,0,0,0,93.67,16.6,0,0,0,19.01,73.1
2019,1,29,7,30,63,119,330,80.28,19.8,330,63,119,19.01,73.1
2019,1,29,8,30,114,347,613,67.61,24.6,613,114,347,19.01,73.1
2019,1,29,9,30,138,565,760,55.88,28.7,760,138,565,19.01,73.1
2019,1,29,10,30,148,736,845,45.9,31,845,148,736,19.01,73.1
2019,1,29,11,30,165,833,860,39.02,32.3,860,165,833,19.01,73.1
2019,1,29,12,30,162,861,875,37.05,33.1,875,162,861,19.01,73.1
2019,1,29,13,30,157,811,863,40.7,33.5,863,157,811,19.01,73.1
2019,1,29,14,30,154,682,800,48.72,33.2,800,154,682,19.01,73.1
2019,1,29,15,30,134,498,714,59.37,32.3,714,134,498,19.01,73.1
2019,1,29,16,30,101,274,544,71.45,29.3,544,101,274,19.01,73.1
2019,1,29,17,30,38,57,188,84.29,25.5,188,38,57,19.01,73.1
2019,1,29,18,30,0,0,0,97.86,23.3,0,0,0,19.01,73.1
2019,1,29,19,30,0,0,0,111.6,21.9,0,0,0,19.01,73.1
2019,1,29,20,30,0,0,0,125.54,20.7,0,0,0,19.01,73.1
2019,1,29,21,30,0,0,0,139.6,19.8,0,0,0,19.01,73.1
2019,1,29,22,30,0,0,0,153.75,19,0,0,0,19.01,73.1
2019,1,29,23,30,0,0,0,167.92,18.5,0,0,0,19.01,73.1
2019,1,30,0,30,0,0,0,177.51,18,0,0,0,19.01,73.1
2019,1,30,1,30,0,0,0,163.53,17.5,0,0,0,19.01,73.1
2019,1,30,2,30,0,0,0,149.36,16.9,0,0,0,19.01,73.1
2019,1,30,3,30,0,0,0,135.23,16.4,0,0,0,19.01,73.1
2019,1,30,4,30,0,0,0,121.19,16.1,0,0,0,19.01,73.1
2019,1,30,5,30,0,0,0,107.3,15.8,0,0,0,19.01,73.1
2019,1,30,6,30,0,0,0,93.62,16.7,0,0,0,19.01,73.1
2019,1,30,7,30,59,122,371,80.21,19.8,371,59,122,19.01,73.1
2019,1,30,8,30,103,353,652,67.51,24.9,652,103,353,19.01,73.1
2019,1,30,9,30,128,569,784,55.75,29.3,784,128,569,19.01,73.1
2019,1,30,10,30,144,739,851,45.71,31.6,851,144,739,19.01,73.1
2019,1,30,11,30,158,838,872,38.78,32.8,872,158,838,19.01,73.1
2019,1,30,12,30,160,866,881,36.78,33.6,881,160,866,19.01,73.1
2019,1,30,13,30,156,815,866,40.44,33.7,866,156,815,19.01,73.1
2019,1,30,14,30,159,683,792,48.5,33.1,792,159,683,19.01,73.1
2019,1,30,15,30,139,498,700,59.17,31.7,700,139,498,19.01,73.1
2019,1,30,16,30,104,274,530,71.29,28.7,530,104,274,19.01,73.1
2019,1,30,17,30,39,57,182,84.16,24.9,182,39,57,19.01,73.1
2019,1,30,18,30,0,0,0,97.74,22.5,0,0,0,19.01,73.1
2019,1,30,19,30,0,0,0,111.5,21.2,0,0,0,19.01,73.1
2019,1,30,20,30,0,0,0,125.45,20.3,0,0,0,19.01,73.1
2019,1,30,21,30,0,0,0,139.52,19.4,0,0,0,19.01,73.1
2019,1,30,22,30,0,0,0,153.67,18.6,0,0,0,19.01,73.1
2019,1,30,23,30,0,0,0,167.84,17.9,0,0,0,19.01,73.1
2019,1,31,0,30,0,0,0,177.4,17.4,0,0,0,19.01,73.1
2019,1,31,1,30,0,0,0,163.54,17,0,0,0,19.01,73.1
2019,1,31,2,30,0,0,0,149.36,16.9,0,0,0,19.01,73.1
2019,1,31,3,30,0,0,0,135.22,16.9,0,0,0,19.01,73.1
2019,1,31,4,30,0,0,0,121.17,16.9,0,0,0,19.01,73.1
2019,1,31,5,30,0,0,0,107.26,16.7,0,0,0,19.01,73.1
2019,1,31,6,30,0,0,0,93.57,18.4,0,0,0,19.01,73.1
2019,1,31,7,30,64,116,307,80.14,22.1,307,64,116,19.01,73.1
2019,1,31,8,30,115,342,589,67.41,26.1,589,115,342,19.01,73.1
2019,1,31,9,30,140,557,738,55.6,29.4,738,140,557,19.01,73.1
2019,1,31,10,30,152,723,815,45.51,31.9,815,152,723,19.01,73.1
2019,1,31,11,30,183,814,807,38.53,33.2,807,183,814,19.01,73.1
2019,1,31,12,30,185,842,818,36.5,33.5,818,185,842,19.01,73.1
2019,1,31,13,30,180,789,797,40.18,33.1,797,180,789,19.01,73.1
2019,1,31,14,30,192,659,701,48.27,32.1,701,192,659,19.01,73.1
2019,1,31,15,30,166,479,609,58.98,30.7,609,166,479,19.01,73.1
2019,1,31,16,30,118,262,446,71.13,28.2,446,118,262,19.01,73.1
2019,1,31,17,30,41,55,130,84.02,25.1,130,41,55,19.01,73.1
2019,1,31,18,30,0,0,0,97.63,23.1,0,0,0,19.01,73.1
2019,1,31,19,30,0,0,0,111.39,21.9,0,0,0,19.01,73.1
2019,1,31,20,30,0,0,0,125.36,21,0,0,0,19.01,73.1
2019,1,31,21,30,0,0,0,139.44,20.3,0,0,0,19.01,73.1
2019,1,31,22,30,0,0,0,153.6,19.8,0,0,0,19.01,73.1
2019,1,31,23,30,0,0,0,167.76,19.2,0,0,0,19.01,73.1
2019,2,1,0,30,0,0,0,177.27,18.8,0,0,0,19.01,73.1
2019,2,1,1,30,0,0,0,163.53,18.4,0,0,0,19.01,73.1
2019,2,1,2,30,0,0,0,149.36,18.1,0,0,0,19.01,73.1
2019,2,1,3,30,0,0,0,135.21,17.7,0,0,0,19.01,73.1
2019,2,1,4,30,0,0,0,121.15,17.6,0,0,0,19.01,73.1
2019,2,1,5,30,0,0,0,107.22,17.3,0,0,0,19.01,73.1
2019,2,1,6,30,0,0,0,93.52,19,0,0,0,19.01,73.1
2019,2,1,7,30,72,108,211,80.06,22.7,211,72,108,19.01,73.1
2019,2,1,8,30,142,325,475,67.3,26.8,475,142,325,19.01,73.1
2019,2,1,9,30,181,533,621,55.45,30.3,621,181,533,19.01,73.1
2019,2,1,10,30,203,696,702,45.32,32.3,702,203,696,19.01,73.1
2019,2,1,11,30,232,787,707,38.28,33.6,707,232,787,19.01,73.1
2019,2,1,12,30,231,815,725,36.22,34.2,725,231,815,19.01,73.1
2019,2,1,13,30,222,768,711,39.91,34,711,222,768,19.01,73.1
2019,2,1,14,30,213,647,649,48.04,33.2,649,213,647,19.01,73.1
2019,2,1,15,30,181,470,558,58.79,31.8,558,181,470,19.01,73.1
2019,2,1,16,30,127,257,396,70.97,29.4,396,127,257,19.01,73.1
2019,2,1,17,30,41,52,111,83.89,26.3,111,41,52,19.01,73.1
2019,2,1,18,30,0,0,0,97.51,24.2,0,0,0,19.01,73.1
2019,2,1,19,30,0,0,0,111.29,22.9,0,0,0,19.01,73.1
2019,2,1,20,30,0,0,0,125.27,21.8,0,0,0,19.01,73.1
2019,2,1,21,30,0,0,0,139.36,20.9,0,0,0,19.01,73.1
2019,2,1,22,30,0,0,0,153.53,20.1,0,0,0,19.01,73.1
2019,2,1,23,30,0,0,0,167.68,19.5,0,0,0,19.01,73.1
2019,2,2,0,30,0,0,0,177.1,19,0,0,0,19.01,73.1
2019,2,2,1,30,0,0,0,163.52,18.7,0,0,0,19.01,73.1
2019,2,2,2,30,0,0,0,149.35,18.4,0,0,0,19.01,73.1
2019,2,2,3,30,0,0,0,135.19,18.2,0,0,0,19.01,73.1
2019,2,2,4,30,0,0,0,121.12,18.1,0,0,0,19.01,73.1
2019,2,2,5,30,0,0,0,107.18,17.9,0,0,0,19.01,73.1
2019,2,2,6,30,0,0,0,93.45,19.3,0,0,0,19.01,73.1
2019,2,2,7,30,71,107,208,79.98,22.5,208,71,107,19.01,73.1
2019,2,2,8,30,143,322,460,67.19,26.8,460,143,322,19.01,73.1
2019,2,2,9,30,184,528,605,55.3,31,605,184,528,19.01,73.1
2019,2,2,10,30,205,692,689,45.11,33.3,689,205,692,19.01,73.1
2019,2,2,11,30,232,785,702,38.02,34.3,702,232,785,19.01,73.1
2019,2,2,12,30,234,813,715,35.93,34.5,715,234,813,19.01,73.1
2019,2,2,13,30,227,765,698,39.64,34.1,698,227,765,19.01,73.1
2019,2,2,14,30,214,644,640,47.81,33.2,640,214,644,19.01,73.1
2019,2,2,15,30,180,469,555,58.6,31.7,555,180,469,19.01,73.1
2019,2,2,16,30,127,259,403,70.81,29.3,403,127,259,19.01,73.1
2019,2,2,17,30,41,55,127,83.75,26.3,127,41,55,19.01,73.1
2019,2,2,18,30,0,0,0,97.39,24.1,0,0,0,19.01,73.1
2019,2,2,19,30,0,0,0,111.19,22.9,0,0,0,19.01,73.1
2019,2,2,20,30,0,0,0,125.18,22,0,0,0,19.01,73.1
2019,2,2,21,30,0,0,0,139.28,21.4,0,0,0,19.01,73.1
2019,2,2,22,30,0,0,0,153.45,20.9,0,0,0,19.01,73.1
2019,2,2,23,30,0,0,0,167.59,20.5,0,0,0,19.01,73.1
2019,2,3,0,30,0,0,0,176.92,20.1,0,0,0,19.01,73.1
2019,2,3,1,30,0,0,0,163.5,19.7,0,0,0,19.01,73.1
2019,2,3,2,30,0,0,0,149.33,19.6,0,0,0,19.01,73.1
2019,2,3,3,30,0,0,0,135.17,19.5,0,0,0,19.01,73.1
2019,2,3,4,30,0,0,0,121.09,19.4,0,0,0,19.01,73.1
2019,2,3,5,30,0,0,0,107.13,19.2,0,0,0,19.01,73.1
2019,2,3,6,30,0,0,0,93.39,20.8,0,0,0,19.01,73.1
2019,2,3,7,30,73,100,156,79.89,24.3,156,73,100,19.01,73.1
2019,2,3,8,30,163,312,383,67.07,28.3,383,163,312,19.01,73.1
2019,2,3,9,30,211,517,536,55.14,31.7,536,211,517,19.01,73.1
2019,2,3,10,30,340,517,250,44.9,33.6,627,237,680,19.01,73.1
2019,2,3,11,30,328,746,529,37.76,34.5,529,328,746,19.01,73.1
2019,2,3,12,30,331,774,545,35.64,35,545,331,774,19.01,73.1
2019,2,3,13,30,314,729,537,39.36,34.9,537,314,729,19.01,73.1
2019,2,3,14,30,313,504,283,47.57,34.4,501,279,617,19.01,73.1
2019,2,3,15,30,228,446,417,58.4,33.3,417,228,446,19.01,73.1
2019,2,3,16,30,149,241,276,70.65,31,276,149,241,19.01,73.1
2019,2,3,17,30,36,44,71,83.62,28,71,36,44,19.01,73.1
2019,2,3,18,30,0,0,0,97.28,26,0,0,0,19.01,73.1
2019,2,3,19,30,0,0,0,111.09,24.9,0,0,0,19.01,73.1
2019,2,3,20,30,0,0,0,125.09,24,0,0,0,19.01,73.1
2019,2,3,21,30,0,0,0,139.21,23.4,0,0,0,19.01,73.1
2019,2,3,22,30,0,0,0,153.38,23,0,0,0,19.01,73.1
2019,2,3,23,30,0,0,0,167.5,22.7,0,0,0,19.01,73.1
2019,2,4,0,30,0,0,0,176.71,22.4,0,0,0,19.01,73.1
2019,2,4,1,30,0,0,0,163.47,22,0,0,0,19.01,73.1
2019,2,4,2,30,0,0,0,149.31,21.6,0,0,0,19.01,73.1
2019,2,4,3,30,0,0,0,135.14,21.1,0,0,0,19.01,73.1
2019,2,4,4,30,0,0,0,121.05,20.9,0,0,0,19.01,73.1
2019,2,4,5,30,0,0,0,107.08,20.7,0,0,0,19.01,73.1
2019,2,4,6,30,0,0,0,93.32,21.5,0,0,0,19.01,73.1
2019,2,4,7,30,38,38,0,79.8,24.4,238,70,112,19.01,73.1
2019,2,4,8,30,164,241,196,66.94,28.9,505,134,332,19.01,73.1
2019,2,4,9,30,260,397,239,54.98,32.8,658,165,542,19.01,73.1
2019,2,4,10,30,247,636,547,44.69,35.1,740,182,708,19.01,73.1
2019,2,4,11,30,227,792,713,37.49,36.4,713,227,792,19.01,73.1
2019,2,4,12,30,227,821,729,35.34,37,729,227,821,19.01,73.1
2019,2,4,13,30,369,612,313,39.09,36.9,719,217,775,19.01,73.1
2019,2,4,14,30,316,505,279,47.34,36.1,640,214,648,19.01,73.1
2019,2,4,15,30,221,388,316,58.21,34.6,549,182,472,19.01,73.1
2019,2,4,16,30,127,137,28,70.49,32,389,129,259,19.01,73.1
2019,2,4,17,30,41,55,117,83.49,28.6,117,41,55,19.01,73.1
2019,2,4,18,30,0,0,0,97.16,26.2,0,0,0,19.01,73.1
2019,2,4,19,30,0,0,0,110.99,24.8,0,0,0,19.01,73.1
2019,2,4,20,30,0,0,0,125.01,23.8,0,0,0,19.01,73.1
2019,2,4,21,30,0,0,0,139.13,23,0,0,0,19.01,73.1
2019,2,4,22,30,0,0,0,153.3,22.5,0,0,0,19.01,73.1
2019,2,4,23,30,0,0,0,167.4,22.1,0,0,0,19.01,73.1
2019,2,5,0,30,0,0,0,176.48,21.8,0,0,0,19.01,73.1
2019,2,5,1,30,0,0,0,163.43,21.7,0,0,0,19.01,73.1
2019,2,5,2,30,0,0,0,149.28,21.7,0,0,0,19.01,73.1
2019,2,5,3,30,0,0,0,135.11,21.4,0,0,0,19.01,73.1
2019,2,5,4,30,0,0,0,121,21.2,0,0,0,19.01,73.1
2019,2,5,5,30,0,0,0,107.02,20.6,0,0,0,19.01,73.1
2019,2,5,6,30,0,0,0,93.24,22,0,0,0,19.01,73.1
2019,2,5,7,30,71,112,228,79.7,25.3,228,71,112,19.01,73.1
2019,2,5,8,30,139,330,486,66.82,29.4,486,139,330,19.01,73.1
2019,2,5,9,30,175,540,633,54.81,33,633,175,540,19.01,73.1
2019,2,5,10,30,195,705,715,44.47,34.9,715,195,705,19.01,73.1
2019,2,5,11,30,233,793,703,37.22,35.9,703,233,793,19.01,73.1
2019,2,5,12,30,231,823,723,35.04,36.4,723,231,823,19.01,73.1
2019,2,5,13,30,220,777,715,38.81,36.2,715,220,777,19.01,73.1
2019,2,5,14,30,224,649,624,47.11,35.5,624,224,649,19.01,73.1
2019,2,5,15,30,190,474,537,58.02,34.1,537,190,474,19.01,73.1
2019,2,5,16,30,133,262,383,70.33,31.6,383,133,262,19.01,73.1
2019,2,5,17,30,42,57,126,83.36,28.5,126,42,57,19.01,73.1
2019,2,5,18,30,0,0,0,97.05,26,0,0,0,19.01,73.1
2019,2,5,19,30,0,0,0,110.9,24.5,0,0,0,19.01,73.1
2019,2,5,20,30,0,0,0,124.92,23.5,0,0,0,19.01,73.1
2019,2,5,21,30,0,0,0,139.05,22.7,0,0,0,19.01,73.1
2019,2,5,22,30,0,0,0,153.23,22.1,0,0,0,19.01,73.1
2019,2,5,23,30,0,0,0,167.3,21.5,0,0,0,19.01,73.1
2019,2,6,0,30,0,0,0,176.24,21,0,0,0,19.01,73.1
2019,2,6,1,30,0,0,0,163.38,20.7,0,0,0,19.01,73.1
2019,2,6,2,30,0,0,0,149.25,20.6,0,0,0,19.01,73.1
2019,2,6,3,30,0,0,0,135.07,20.4,0,0,0,19.01,73.1
2019,2,6,4,30,0,0,0,120.96,20.4,0,0,0,19.01,73.1
2019,2,6,5,30,0,0,0,106.96,20.2,0,0,0,19.01,73.1
2019,2,6,6,30,0,0,0,93.16,21.5,0,0,0,19.01,73.1
2019,2,6,7,30,72,113,228,79.6,24.3,228,72,113,19.01,73.1
2019,2,6,8,30,147,328,455,66.68,27.3,455,147,328,19.01,73.1
2019,2,6,9,30,192,533,589,54.64,29.7,589,192,533,19.01,73.1
2019,2,6,10,30,217,696,668,44.25,31.3,668,217,696,19.01,73.1
2019,2,6,11,30,230,796,708,36.94,32.2,708,230,796,19.01,73.1
2019,2,6,12,30,230,827,726,34.74,32.2,726,230,827,19.01,73.1
2019,2,6,13,30,217,782,721,38.52,31.7,721,217,782,19.01,73.1
2019,2,6,14,30,187,671,708,46.87,30.8,708,187,671,19.01,73.1
2019,2,6,15,30,155,498,643,57.83,29.4,643,155,498,19.01,73.1
2019,2,6,16,30,112,284,506,70.17,27.5,506,112,284,19.01,73.1
2019,2,6,17,30,44,69,206,83.23,25.1,206,44,69,19.01,73.1
2019,2,6,18,30,0,0,0,96.94,23.2,0,0,0,19.01,73.1
2019,2,6,19,30,0,0,0,110.8,22,0,0,0,19.01,73.1
2019,2,6,20,30,0,0,0,124.84,21.1,0,0,0,19.01,73.1
2019,2,6,21,30,0,0,0,138.98,20.3,0,0,0,19.01,73.1
2019,2,6,22,30,0,0,0,153.15,19.8,0,0,0,19.01,73.1
2019,2,6,23,30,0,0,0,167.19,19.3,0,0,0,19.01,73.1
2019,2,7,0,30,0,0,0,175.98,18.8,0,0,0,19.01,73.1
2019,2,7,1,30,0,0,0,163.32,18.3,0,0,0,19.01,73.1
2019,2,7,2,30,0,0,0,149.2,17.9,0,0,0,19.01,73.1
2019,2,7,3,30,0,0,0,135.03,17.7,0,0,0,19.01,73.1
2019,2,7,4,30,0,0,0,120.9,17.6,0,0,0,19.01,73.1
2019,2,7,5,30,0,0,0,106.89,17.7,0,0,0,19.01,73.1
2019,2,7,6,30,0,0,0,93.08,19.1,0,0,0,19.01,73.1
2019,2,7,7,30,73,125,281,79.49,21.5,281,73,125,19.01,73.1
2019,2,7,8,30,126,348,558,66.55,23.7,558,126,348,19.01,73.1
2019,2,7,9,30,156,561,697,54.46,25.6,697,156,561,19.01,73.1
2019,2,7,10,30,173,726,768,44.02,27.1,768,173,726,19.01,73.1
2019,2,7,11,30,179,830,812,36.66,28.2,812,179,830,19.01,73.1
2019,2,7,12,30,415,615,243,34.43,28.6,818,182,857,19.01,73.1
2019,2,7,13,30,181,805,794,38.24,28.3,794,181,805,19.01,73.1
2019,2,7,14,30,184,678,720,46.64,27.5,720,184,678,19.01,73.1
2019,2,7,15,30,163,497,624,57.64,26.3,624,163,497,19.01,73.1
2019,2,7,16,30,125,279,449,70.02,24.6,449,125,279,19.01,73.1
2019,2,7,17,30,51,67,126,83.1,22.7,126,51,67,19.01,73.1
2019,2,7,18,30,0,0,0,96.83,21.4,0,0,0,19.01,73.1
2019,2,7,19,30,0,0,0,110.71,20.5,0,0,0,19.01,73.1
2019,2,7,20,30,0,0,0,124.76,19.8,0,0,0,19.01,73.1
2019,2,7,21,30,0,0,0,138.9,19.1,0,0,0,19.01,73.1
2019,2,7,22,30,0,0,0,153.07,18.5,0,0,0,19.01,73.1
2019,2,7,23,30,0,0,0,167.08,18,0,0,0,19.01,73.1
2019,2,8,0,30,0,0,0,175.72,17.4,0,0,0,19.01,73.1
2019,2,8,1,30,0,0,0,163.26,16.9,0,0,0,19.01,73.1
2019,2,8,2,30,0,0,0,149.16,16.4,0,0,0,19.01,73.1
2019,2,8,3,30,0,0,0,134.98,15.9,0,0,0,19.01,73.1
2019,2,8,4,30,0,0,0,120.84,15.7,0,0,0,19.01,73.1
2019,2,8,5,30,0,0,0,106.82,15.1,0,0,0,19.01,73.1
2019,2,8,6,30,0,0,0,92.99,16.5,0,0,0,19.01,73.1
2019,2,8,7,30,80,126,249,79.38,19.1,249,80,126,19.01,73.1
2019,2,8,8,30,145,357,529,66.41,21.3,529,145,357,19.01,73.1
2019,2,8,9,30,181,575,676,54.28,23.3,676,181,575,19.01,73.1
2019,2,8,10,30,206,741,741,43.78,24.8,741,206,741,19.01,73.1
2019,2,8,11,30,230,840,757,36.37,25.9,757,230,840,19.01,73.1
2019,2,8,12,30,226,872,781,34.11,26.7,781,226,872,19.01,73.1
2019,2,8,13,30,212,826,778,37.95,27.1,778,212,826,19.01,73.1
2019,2,8,14,30,195,707,743,46.4,26.8,743,195,707,19.01,73.1
2019,2,8,15,30,162,522,669,57.45,25.8,669,162,522,19.01,73.1
2019,2,8,16,30,122,299,515,69.86,23.9,515,122,299,19.01,73.1
2019,2,8,17,30,52,75,189,82.97,21.3,189,52,75,19.01,73.1
2019,2,8,18,30,0,0,0,96.72,19.6,0,0,0,19.01,73.1
2019,2,8,19,30,0,0,0,110.61,18.5,0,0,0,19.01,73.1
2019,2,8,20,30,0,0,0,124.67,17.4,0,0,0,19.01,73.1
2019,2,8,21,30,0,0,0,138.83,16.3,0,0,0,19.01,73.1
2019,2,8,22,30,0,0,0,152.99,15.4,0,0,0,19.01,73.1
2019,2,8,23,30,0,0,0,166.96,14.8,0,0,0,19.01,73.1
2019,2,9,0,30,0,0,0,175.44,14.2,0,0,0,19.01,73.1
2019,2,9,1,30,0,0,0,163.18,13.8,0,0,0,19.01,73.1
2019,2,9,2,30,0,0,0,149.1,13.5,0,0,0,19.01,73.1
2019,2,9,3,30,0,0,0,134.92,13.4,0,0,0,19.01,73.1
2019,2,9,4,30,0,0,0,120.78,13.3,0,0,0,19.01,73.1
2019,2,9,5,30,0,0,0,106.75,12.9,0,0,0,19.01,73.1
2019,2,9,6,30,0,0,0,92.9,14.2,0,0,0,19.01,73.1
2019,2,9,7,30,73,136,337,79.27,17.7,337,73,136,19.01,73.1
2019,2,9,8,30,126,378,626,66.26,21.8,626,126,378,19.01,73.1
2019,2,9,9,30,149,606,779,54.1,25.4,779,149,606,19.01,73.1
2019,2,9,10,30,158,785,865,43.55,28.1,865,158,785,19.01,73.1
2019,2,9,11,30,146,904,938,36.07,30.1,938,146,904,19.01,73.1
2019,2,9,12,30,148,934,946,33.79,31.6,946,148,934,19.01,73.1
2019,2,9,13,30,144,883,933,37.67,32.5,933,144,883,19.01,73.1
2019,2,9,14,30,132,757,903,46.17,32.6,903,132,757,19.01,73.1
2019,2,9,15,30,117,565,827,57.26,31.9,827,117,565,19.01,73.1
2019,2,9,16,30,92,327,678,69.71,28.8,678,92,327,19.01,73.1
2019,2,9,17,30,45,87,334,82.85,24.5,334,45,87,19.01,73.1
2019,2,9,18,30,0,0,0,96.61,22,0,0,0,19.01,73.1
2019,2,9,19,30,0,0,0,110.52,20.8,0,0,0,19.01,73.1
2019,2,9,20,30,0,0,0,124.59,19.9,0,0,0,19.01,73.1
2019,2,9,21,30,0,0,0,138.75,19,0,0,0,19.01,73.1
2019,2,9,22,30,0,0,0,152.91,18,0,0,0,19.01,73.1
2019,2,9,23,30,0,0,0,166.84,17,0,0,0,19.01,73.1
2019,2,10,0,30,0,0,0,175.15,16.3,0,0,0,19.01,73.1
2019,2,10,1,30,0,0,0,163.09,15.9,0,0,0,19.01,73.1
2019,2,10,2,30,0,0,0,149.04,15.4,0,0,0,19.01,73.1
2019,2,10,3,30,0,0,0,134.86,14.9,0,0,0,19.01,73.1
2019,2,10,4,30,0,0,0,120.71,14.6,0,0,0,19.01,73.1
2019,2,10,5,30,0,0,0,106.67,14.3,0,0,0,19.01,73.1
2019,2,10,6,30,0,0,0,92.8,15.7,0,0,0,19.01,73.1
2019,2,10,7,30,59,147,471,79.15,19.6,471,59,147,19.01,73.1
2019,2,10,8,30,92,393,743,66.11,25.1,743,92,393,19.01,73.1
2019,2,10,9,30,109,619,866,53.91,30.3,866,109,619,19.01,73.1
2019,2,10,10,30,119,796,929,43.3,33.5,929,119,796,19.01,73.1
2019,2,10,11,30,142,889,920,35.78,34.8,920,142,889,19.01,73.1
2019,2,10,12,30,142,919,932,33.47,35.1,932,142,919,19.01,73.1
2019,2,10,13,30,137,865,916,37.38,34.7,916,137,865,19.01,73.1
2019,2,10,14,30,134,737,867,45.93,33.6,867,134,737,19.01,73.1
2019,2,10,15,30,118,549,794,57.07,32.2,794,118,549,19.01,73.1
2019,2,10,16,30,91,319,652,69.56,29.3,652,91,319,19.01,73.1
2019,2,10,17,30,44,85,326,82.73,25.6,326,44,85,19.01,73.1
2019,2,10,18,30,0,0,0,96.51,23.4,0,0,0,19.01,73.1
2019,2,10,19,30,0,0,0,110.43,22.4,0,0,0,19.01,73.1
2019,2,10,20,30,0,0,0,124.51,21.4,0,0,0,19.01,73.1
2019,2,10,21,30,0,0,0,138.68,20.6,0,0,0,19.01,73.1
2019,2,10,22,30,0,0,0,152.83,20,0,0,0,19.01,73.1
2019,2,10,23,30,0,0,0,166.72,19.4,0,0,0,19.01,73.1
2019,2,11,0,30,0,0,0,174.85,18.9,0,0,0,19.01,73.1
2019,2,11,1,30,0,0,0,163,18.5,0,0,0,19.01,73.1
2019,2,11,2,30,0,0,0,148.97,18.1,0,0,0,19.01,73.1
2019,2,11,3,30,0,0,0,134.79,17.8,0,0,0,19.01,73.1
2019,2,11,4,30,0,0,0,120.64,17.6,0,0,0,19.01,73.1
2019,2,11,5,30,0,0,0,106.58,17.3,0,0,0,19.01,73.1
2019,2,11,6,30,0,0,0,92.7,19.7,0,0,0,19.01,73.1
2019,2,11,7,30,57,148,480,79.02,24.2,480,57,148,19.01,73.1
2019,2,11,8,30,89,388,732,65.96,28.8,732,89,388,19.01,73.1
2019,2,11,9,30,108,609,848,53.71,32.4,848,108,609,19.01,73.1
2019,2,11,10,30,119,782,907,43.06,34.4,907,119,782,19.01,73.1
2019,2,11,11,30,138,878,909,35.47,35.5,909,138,878,19.01,73.1
2019,2,11,12,30,140,907,915,33.15,36,915,140,907,19.01,73.1
2019,2,11,13,30,139,853,896,37.09,35.9,896,139,853,19.01,73.1
2019,2,11,14,30,142,723,832,45.7,35.2,832,142,723,19.01,73.1
2019,2,11,15,30,127,537,750,56.89,34,750,127,537,19.01,73.1
2019,2,11,16,30,100,309,595,69.41,31.3,595,100,309,19.01,73.1
2019,2,11,17,30,47,81,267,82.61,27.7,267,47,81,19.01,73.1
2019,2,11,18,30,0,0,0,96.41,25.2,0,0,0,19.01,73.1
2019,2,11,19,30,0,0,0,110.35,24,0,0,0,19.01,73.1
2019,2,11,20,30,0,0,0,124.44,23.1,0,0,0,19.01,73.1
2019,2,11,21,30,0,0,0,138.6,22.5,0,0,0,19.01,73.1
2019,2,11,22,30,0,0,0,152.75,22.1,0,0,0,19.01,73.1
2019,2,11,23,30,0,0,0,166.59,21.7,0,0,0,19.01,73.1
2019,2,12,0,30,0,0,0,174.55,21.3,0,0,0,19.01,73.1
2019,2,12,1,30,0,0,0,162.89,21.1,0,0,0,19.01,73.1
2019,2,12,2,30,0,0,0,148.89,20.9,0,0,0,19.01,73.1
2019,2,12,3,30,0,0,0,134.72,20.8,0,0,0,19.01,73.1
2019,2,12,4,30,0,0,0,120.56,20.7,0,0,0,19.01,73.1
2019,2,12,5,30,0,0,0,106.49,20.7,0,0,0,19.01,73.1
2019,2,12,6,30,0,0,0,92.59,22.8,0,0,0,19.01,73.1
2019,2,12,7,30,76,129,275,78.9,26.6,275,76,129,19.01,73.1
2019,2,12,8,30,143,348,500,65.8,31.2,500,143,348,19.01,73.1
2019,2,12,9,30,187,554,618,53.52,34.9,618,187,554,19.01,73.1
2019,2,12,10,30,217,716,681,42.81,36.7,681,217,716,19.01,73.1
2019,2,12,11,30,274,798,641,35.17,37.7,641,274,798,19.01,73.1
2019,2,12,12,30,280,823,646,32.82,38.1,646,280,823,19.01,73.1
2019,2,12,13,30,390,619,286,36.79,38,623,274,773,19.01,73.1
2019,2,12,14,30,333,514,258,45.46,37.3,534,277,651,19.01,73.1
2019,2,12,15,30,236,475,435,56.7,36.1,435,236,475,19.01,73.1
2019,2,12,16,30,163,265,286,69.26,33.9,286,163,265,19.01,73.1
2019,2,12,17,30,48,59,82,82.49,31,82,48,59,19.01,73.1
2019,2,12,18,30,0,0,0,96.3,28.7,0,0,0,19.01,73.1
2019,2,12,19,30,0,0,0,110.26,27.3,0,0,0,19.01,73.1
2019,2,12,20,30,0,0,0,124.36,26.2,0,0,0,19.01,73.1
2019,2,12,21,30,0,0,0,138.53,25.4,0,0,0,19.01,73.1
2019,2,12,22,30,0,0,0,152.67,24.7,0,0,0,19.01,73.1
2019,2,12,23,30,0,0,0,166.45,24.3,0,0,0,19.01,73.1
2019,2,13,0,30,0,0,0,174.23,24.1,0,0,0,19.01,73.1
2019,2,13,1,30,0,0,0,162.77,24,0,0,0,19.01,73.1
2019,2,13,2,30,0,0,0,148.81,24,0,0,0,19.01,73.1
2019,2,13,3,30,0,0,0,134.64,23.9,0,0,0,19.01,73.1
2019,2,13,4,30,0,0,0,120.47,23.8,0,0,0,19.01,73.1
2019,2,13,5,30,0,0,0,106.39,23.8,0,0,0,19.01,73.1
2019,2,13,6,30,0,0,0,92.48,25,0,0,0,19.01,73.1
2019,2,13,7,30,80,119,199,78.77,28,199,80,119,19.01,73.1
2019,2,13,8,30,160,339,434,65.64,31.9,434,160,339,19.01,73.1
2019,2,13,9,30,203,549,580,53.32,34.9,580,203,549,19.01,73.1
2019,2,13,10,30,222,716,671,42.55,36.3,671,222,716,19.01,73.1
2019,2,13,11,30,245,813,692,34.85,37,692,245,813,19.01,73.1
2019,2,13,12,30,243,843,712,32.49,37.2,712,243,843,19.01,73.1
2019,2,13,13,30,233,797,702,36.5,36.8,702,233,797,19.01,73.1
2019,2,13,14,30,243,665,599,45.23,36,599,243,665,19.01,73.1
2019,2,13,15,30,204,491,519,56.52,34.5,519,204,491,19.01,73.1
2019,2,13,16,30,145,278,374,69.12,32.1,374,145,278,19.01,73.1
2019,2,13,17,30,51,68,130,82.37,29,130,51,68,19.01,73.1
2019,2,13,18,30,0,0,0,96.2,26.5,0,0,0,19.01,73.1
2019,2,13,19,30,0,0,0,110.17,25.2,0,0,0,19.01,73.1
2019,2,13,20,30,0,0,0,124.28,24.4,0,0,0,19.01,73.1
2019,2,13,21,30,0,0,0,138.45,23.7,0,0,0,19.01,73.1
2019,2,13,22,30,0,0,0,152.58,23.2,0,0,0,19.01,73.1
2019,2,13,23,30,0,0,0,166.31,22.7,0,0,0,19.01,73.1
2019,2,14,0,30,0,0,0,173.92,22.3,0,0,0,19.01,73.1
2019,2,14,1,30,0,0,0,162.65,22,0,0,0,19.01,73.1
2019,2,14,2,30,0,0,0,148.72,21.6,0,0,0,19.01,73.1
2019,2,14,3,30,0,0,0,134.56,21.3,0,0,0,19.01,73.1
2019,2,14,4,30,0,0,0,120.38,21.1,0,0,0,19.01,73.1
2019,2,14,5,30,0,0,0,106.3,20.9,0,0,0,19.01,73.1
2019,2,14,6,30,0,0,0,92.37,22.6,0,0,0,19.01,73.1
2019,2,14,7,30,74,88,69,78.63,26.2,223,81,125,19.01,73.1
2019,2,14,8,30,157,346,457,65.48,29.9,457,157,346,19.01,73.1
2019,2,14,9,30,197,558,602,53.11,32.8,602,197,558,19.01,73.1
2019,2,14,10,30,215,728,693,42.3,34.7,693,215,728,19.01,73.1
2019,2,14,11,30,208,839,767,34.54,35.6,767,208,839,19.01,73.1
2019,2,14,12,30,208,868,779,32.15,35.7,779,208,868,19.01,73.1
2019,2,14,13,30,203,817,761,36.2,35.2,761,203,817,19.01,73.1
2019,2,14,14,30,202,694,696,44.99,34.2,696,202,694,19.01,73.1
2019,2,14,15,30,172,512,614,56.34,32.9,614,172,512,19.01,73.1
2019,2,14,16,30,126,296,475,68.97,30.9,475,126,296,19.01,73.1
2019,2,14,17,30,52,80,203,82.25,28.3,203,52,80,19.01,73.1
2019,2,14,18,30,0,0,0,96.11,26.1,0,0,0,19.01,73.1
2019,2,14,19,30,0,0,0,110.09,24.7,0,0,0,19.01,73.1
2019,2,14,20,30,0,0,0,124.21,23.7,0,0,0,19.01,73.1
2019,2,14,21,30,0,0,0,138.38,22.9,0,0,0,19.01,73.1
2019,2,14,22,30,0,0,0,152.5,22.2,0,0,0,19.01,73.1
2019,2,14,23,30,0,0,0,166.16,21.6,0,0,0,19.01,73.1
2019,2,15,0,30,0,0,0,173.59,21.1,0,0,0,19.01,73.1
2019,2,15,1,30,0,0,0,162.51,20.6,0,0,0,19.01,73.1
2019,2,15,2,30,0,0,0,148.62,20.3,0,0,0,19.01,73.1
2019,2,15,3,30,0,0,0,134.46,20.1,0,0,0,19.01,73.1
2019,2,15,4,30,0,0,0,120.29,20,0,0,0,19.01,73.1
2019,2,15,5,30,0,0,0,106.19,19.9,0,0,0,19.01,73.1
2019,2,15,6,30,0,0,0,92.25,21.4,0,0,0,19.01,73.1
2019,2,15,7,30,76,137,308,78.49,24.4,308,76,137,19.01,73.1
2019,2,15,8,30,131,367,565,65.31,27.5,565,131,367,19.01,73.1
2019,2,15,9,30,160,582,701,52.9,30,701,160,582,19.01,73.1
2019,2,15,10,30,176,751,774,42.03,31.9,774,176,751,19.01,73.1
2019,2,15,11,30,187,854,806,34.22,33,806,187,854,19.01,73.1
2019,2,15,12,30,187,883,819,31.81,33.3,819,187,883,19.01,73.1
2019,2,15,13,30,181,835,808,35.91,33,808,181,835,19.01,73.1
2019,2,15,14,30,164,717,779,44.76,32.2,779,164,717,19.01,73.1
2019,2,15,15,30,143,535,703,56.15,31,703,143,535,19.01,73.1
2019,2,15,16,30,108,311,562,68.83,29.1,562,108,311,19.01,73.1
2019,2,15,17,30,50,86,263,82.14,26.5,263,50,86,19.01,73.1
2019,2,15,18,30,0,0,0,96.01,24.4,0,0,0,19.01,73.1
2019,2,15,19,30,0,0,0,110,23.1,0,0,0,19.01,73.1
2019,2,15,20,30,0,0,0,124.13,22.1,0,0,0,19.01,73.1
2019,2,15,21,30,0,0,0,138.3,21.3,0,0,0,19.01,73.1
2019,2,15,22,30,0,0,0,152.41,20.4,0,0,0,19.01,73.1
2019,2,15,23,30,0,0,0,166.01,19.6,0,0,0,19.01,73.1
2019,2,16,0,30,0,0,0,173.26,18.8,0,0,0,19.01,73.1
2019,2,16,1,30,0,0,0,162.37,18.2,0,0,0,19.01,73.1
2019,2,16,2,30,0,0,0,148.52,17.6,0,0,0,19.01,73.1
2019,2,16,3,30,0,0,0,134.37,17.2,0,0,0,19.01,73.1
2019,2,16,4,30,0,0,0,120.19,17,0,0,0,19.01,73.1
2019,2,16,5,30,0,0,0,106.08,16.7,0,0,0,19.01,73.1
2019,2,16,6,30,0,0,0,92.12,18.8,0,0,0,19.01,73.1
2019,2,16,7,30,70,151,401,78.35,22.9,401,70,151,19.01,73.1
2019,2,16,8,30,114,390,656,65.13,26.7,656,114,390,19.01,73.1
2019,2,16,9,30,134,614,791,52.69,29.5,791,134,614,19.01,73.1
2019,2,16,10,30,144,790,866,41.77,31.5,866,144,790,19.01,73.1
2019,2,16,11,30,142,901,914,33.9,33,914,142,901,19.01,73.1
2019,2,16,12,30,143,930,923,31.47,33.9,923,143,930,19.01,73.1
2019,2,16,13,30,141,876,903,35.61,34.1,903,141,876,19.01,73.1
2019,2,16,14,30,135,749,861,44.53,33.7,861,135,749,19.01,73.1
2019,2,16,15,30,122,557,778,55.98,32.5,778,122,557,19.01,73.1
2019,2,16,16,30,98,325,626,68.69,30.2,626,98,325,19.01,73.1
2019,2,16,17,30,49,91,299,82.02,27,299,49,91,19.01,73.1
2019,2,16,18,30,0,0,0,95.91,24.6,0,0,0,19.01,73.1
2019,2,16,19,30,0,0,0,109.92,23.1,0,0,0,19.01,73.1
2019,2,16,20,30,0,0,0,124.06,21.8,0,0,0,19.01,73.1
2019,2,16,21,30,0,0,0,138.23,20.6,0,0,0,19.01,73.1
2019,2,16,22,30,0,0,0,152.32,19.7,0,0,0,19.01,73.1
2019,2,16,23,30,0,0,0,165.85,19,0,0,0,19.01,73.1
2019,2,17,0,30,0,0,0,172.92,18.5,0,0,0,19.01,73.1
2019,2,17,1,30,0,0,0,162.21,18.1,0,0,0,19.01,73.1
2019,2,17,2,30,0,0,0,148.41,17.7,0,0,0,19.01,73.1
2019,2,17,3,30,0,0,0,134.27,17.4,0,0,0,19.01,73.1
2019,2,17,4,30,0,0,0,120.09,17.3,0,0,0,19.01,73.1
2019,2,17,5,30,0,0,0,105.97,17.3,0,0,0,19.01,73.1
2019,2,17,6,30,0,0,0,92,19.3,0,0,0,19.01,73.1
2019,2,17,7,30,68,151,405,78.2,23.5,405,68,151,19.01,73.1
2019,2,17,8,30,110,389,660,64.96,27.6,660,110,389,19.01,73.1
2019,2,17,9,30,134,611,783,52.47,30.7,783,134,611,19.01,73.1
2019,2,17,10,30,148,784,849,41.5,32.5,849,148,784,19.01,73.1
2019,2,17,11,30,161,886,870,33.57,33.7,870,161,886,19.01,73.1
2019,2,17,12,30,163,915,878,31.12,34.2,878,163,915,19.01,73.1
2019,2,17,13,30,159,864,864,35.31,34.2,864,159,864,19.01,73.1
2019,2,17,14,30,154,736,814,44.3,33.5,814,154,736,19.01,73.1
2019,2,17,15,30,138,546,724,55.8,32.2,724,138,546,19.01,73.1
2019,2,17,16,30,109,317,567,68.55,29.8,567,109,317,19.01,73.1
2019,2,17,17,30,52,87,249,81.91,26.4,249,52,87,19.01,73.1
2019,2,17,18,30,0,0,0,95.82,23.9,0,0,0,19.01,73.1
2019,2,17,19,30,0,0,0,109.84,22.6,0,0,0,19.01,73.1
2019,2,17,20,30,0,0,0,123.98,21.6,0,0,0,19.01,73.1
2019,2,17,21,30,0,0,0,138.16,21,0,0,0,19.01,73.1
2019,2,17,22,30,0,0,0,152.23,20.5,0,0,0,19.01,73.1
2019,2,17,23,30,0,0,0,165.68,19.8,0,0,0,19.01,73.1
2019,2,18,0,30,0,0,0,172.58,19,0,0,0,19.01,73.1
2019,2,18,1,30,0,0,0,162.05,18.5,0,0,0,19.01,73.1
2019,2,18,2,30,0,0,0,148.29,18.1,0,0,0,19.01,73.1
2019,2,18,3,30,0,0,0,134.16,17.7,0,0,0,19.01,73.1
2019,2,18,4,30,0,0,0,119.98,17.6,0,0,0,19.01,73.1
2019,2,18,5,30,0,0,0,105.85,17.5,0,0,0,19.01,73.1
2019,2,18,6,30,0,0,0,91.87,19.8,0,0,0,19.01,73.1
2019,2,18,7,30,69,151,393,78.05,24.3,393,69,151,19.01,73.1
2019,2,18,8,30,110,387,649,64.78,28.8,649,110,387,19.01,73.1
2019,2,18,9,30,132,606,774,52.25,32.4,774,132,606,19.01,73.1
2019,2,18,10,30,147,777,838,41.23,34.6,838,147,777,19.01,73.1
2019,2,18,11,30,156,880,866,33.24,35.9,866,156,880,19.01,73.1
2019,2,18,12,30,159,910,874,30.77,36.3,874,159,910,19.01,73.1
2019,2,18,13,30,157,860,859,35.02,36,859,157,860,19.01,73.1
2019,2,18,14,30,152,731,806,44.07,35.1,806,152,731,19.01,73.1
2019,2,18,15,30,134,545,728,55.62,33.4,728,134,545,19.01,73.1
2019,2,18,16,30,105,319,580,68.41,30.8,580,105,319,19.01,73.1
2019,2,18,17,30,53,90,265,81.8,27.4,265,53,90,19.01,73.1
2019,2,18,18,30,0,0,0,95.73,24.8,0,0,0,19.01,73.1
2019,2,18,19,30,0,0,0,109.76,23.3,0,0,0,19.01,73.1
2019,2,18,20,30,0,0,0,123.91,22.3,0,0,0,19.01,73.1
2019,2,18,21,30,0,0,0,138.08,21.5,0,0,0,19.01,73.1
2019,2,18,22,30,0,0,0,152.13,20.9,0,0,0,19.01,73.1
2019,2,18,23,30,0,0,0,165.51,20.4,0,0,0,19.01,73.1
2019,2,19,0,30,0,0,0,172.24,19.9,0,0,0,19.01,73.1
2019,2,19,1,30,0,0,0,161.87,19.4,0,0,0,19.01,73.1
2019,2,19,2,30,0,0,0,148.16,19.2,0,0,0,19.01,73.1
2019,2,19,3,30,0,0,0,134.05,19,0,0,0,19.01,73.1
2019,2,19,4,30,0,0,0,119.87,18.9,0,0,0,19.01,73.1
2019,2,19,5,30,0,0,0,105.73,18.7,0,0,0,19.01,73.1
2019,2,19,6,30,0,0,0,91.73,20.9,0,0,0,19.01,73.1
2019,2,19,7,30,73,153,382,77.9,25.1,382,73,153,19.01,73.1
2019,2,19,8,30,118,390,634,64.6,29,634,118,390,19.01,73.1
2019,2,19,9,30,144,609,755,52.03,32.5,755,144,609,19.01,73.1
2019,2,19,10,30,161,780,819,40.95,35.2,819,161,780,19.01,73.1
2019,2,19,11,30,178,880,835,32.9,36.9,835,178,880,19.01,73.1
2019,2,19,12,30,180,908,845,30.42,37.5,845,180,908,19.01,73.1
2019,2,19,13,30,177,860,831,34.72,37.2,831,177,860,19.01,73.1
2019,2,19,14,30,176,727,764,43.84,36.3,764,176,727,19.01,73.1
2019,2,19,15,30,154,542,684,55.45,34.9,684,154,542,19.01,73.1
2019,2,19,16,30,119,315,530,68.28,32.4,530,119,315,19.01,73.1
2019,2,19,17,30,57,88,219,81.7,28.7,219,57,88,19.01,73.1
2019,2,19,18,30,0,0,0,95.64,25.8,0,0,0,19.01,73.1
2019,2,19,19,30,0,0,0,109.69,24.3,0,0,0,19.01,73.1
2019,2,19,20,30,0,0,0,123.84,23.6,0,0,0,19.01,73.1
2019,2,19,21,30,0,0,0,138.01,23.1,0,0,0,19.01,73.1
2019,2,19,22,30,0,0,0,152.04,22.6,0,0,0,19.01,73.1
2019,2,19,23,30,0,0,0,165.34,22.3,0,0,0,19.01,73.1
2019,2,20,0,30,0,0,0,171.89,22,0,0,0,19.01,73.1
2019,2,20,1,30,0,0,0,161.69,21.6,0,0,0,19.01,73.1
2019,2,20,2,30,0,0,0,148.03,20.9,0,0,0,19.01,73.1
2019,2,20,3,30,0,0,0,133.93,20.1,0,0,0,19.01,73.1
2019,2,20,4,30,0,0,0,119.75,19.8,0,0,0,19.01,73.1
2019,2,20,5,30,0,0,0,105.61,19.2,0,0,0,19.01,73.1
2019,2,20,6,30,0,0,0,91.59,21.2,0,0,0,19.01,73.1
2019,2,20,7,30,76,150,347,77.74,25.1,347,76,150,19.01,73.1
2019,2,20,8,30,127,384,595,64.41,29.7,595,127,384,19.01,73.1
2019,2,20,9,30,155,602,723,51.81,33.9,723,155,602,19.01,73.1
2019,2,20,10,30,171,773,795,40.67,36.7,795,171,773,19.01,73.1
2019,2,20,11,30,189,870,809,32.57,38.2,809,189,870,19.01,73.1
2019,2,20,12,30,188,898,820,30.07,38.6,820,188,898,19.01,73.1
2019,2,20,13,30,184,848,804,34.42,37.9,804,184,848,19.01,73.1
2019,2,20,14,30,200,705,697,43.61,36.3,697,200,705,19.01,73.1
2019,2,20,15,30,176,520,604,55.28,33.9,604,176,520,19.01,73.1
2019,2,20,16,30,136,300,441,68.14,30.8,441,136,300,19.01,73.1
2019,2,20,17,30,58,81,154,81.59,27.7,154,58,81,19.01,73.1
2019,2,20,18,30,0,0,0,95.55,25.5,0,0,0,19.01,73.1
2019,2,20,19,30,0,0,0,109.61,24.4,0,0,0,19.01,73.1
2019,2,20,20,30,0,0,0,123.77,23.7,0,0,0,19.01,73.1
2019,2,20,21,30,0,0,0,137.93,23.3,0,0,0,19.01,73.1
2019,2,20,22,30,0,0,0,151.94,22.9,0,0,0,19.01,73.1
2019,2,20,23,30,0,0,0,165.16,22.4,0,0,0,19.01,73.1
2019,2,21,0,30,0,0,0,171.54,21.9,0,0,0,19.01,73.1
2019,2,21,1,30,0,0,0,161.5,21.4,0,0,0,19.01,73.1
2019,2,21,2,30,0,0,0,147.89,21,0,0,0,19.01,73.1
2019,2,21,3,30,0,0,0,133.81,20.5,0,0,0,19.01,73.1
2019,2,21,4,30,0,0,0,119.63,20.3,0,0,0,19.01,73.1
2019,2,21,5,30,0,0,0,105.48,19.9,0,0,0,19.01,73.1
2019,2,21,6,30,0,0,0,91.45,21.3,0,0,0,19.01,73.1
2019,2,21,7,30,92,138,216,77.58,24.2,216,92,138,19.01,73.1
2019,2,21,8,30,166,362,450,64.22,27.2,450,166,362,19.01,73.1
2019,2,21,9,30,207,573,589,51.58,30.3,589,207,573,19.01,73.1
2019,2,21,10,30,228,739,671,40.39,33.3,671,228,739,19.01,73.1
2019,2,21,11,30,249,837,695,32.22,35.4,695,249,837,19.01,73.1
2019,2,21,12,30,249,864,708,29.71,36,708,249,864,19.01,73.1
2019,2,21,13,30,242,816,693,34.12,35.4,693,242,816,19.01,73.1
2019,2,21,14,30,251,684,596,43.39,34.3,596,251,684,19.01,73.1
2019,2,21,15,30,214,507,512,55.11,32.8,512,214,507,19.01,73.1
2019,2,21,16,30,155,292,366,68.01,30.5,366,155,292,19.01,73.1
2019,2,21,17,30,60,78,124,81.49,27.9,124,60,78,19.01,73.1
2019,2,21,18,30,0,0,0,95.46,26.1,0,0,0,19.01,73.1
2019,2,21,19,30,0,0,0,109.53,24.9,0,0,0,19.01,73.1
2019,2,21,20,30,0,0,0,123.69,24.1,0,0,0,19.01,73.1
2019,2,21,21,30,0,0,0,137.85,23.4,0,0,0,19.01,73.1
2019,2,21,22,30,0,0,0,151.84,22.8,0,0,0,19.01,73.1
2019,2,21,23,30,0,0,0,164.97,22.3,0,0,0,19.01,73.1
2019,2,22,0,30,0,0,0,171.18,21.7,0,0,0,19.01,73.1
2019,2,22,1,30,0,0,0,161.3,21.2,0,0,0,19.01,73.1
2019,2,22,2,30,0,0,0,147.75,20.8,0,0,0,19.01,73.1
2019,2,22,3,30,0,0,0,133.68,20.4,0,0,0,19.01,73.1
2019,2,22,4,30,0,0,0,119.5,20.3,0,0,0,19.01,73.1
2019,2,22,5,30,0,0,0,105.34,20.2,0,0,0,19.01,73.1
2019,2,22,6,30,0,0,0,91.3,22,0,0,0,19.01,73.1
2019,2,22,7,30,93,142,223,77.42,25.4,223,93,142,19.01,73.1
2019,2,22,8,30,169,365,446,64.03,28.8,446,169,365,19.01,73.1
2019,2,22,9,30,292,417,200,51.35,31.9,579,213,575,19.01,73.1
2019,2,22,10,30,237,741,659,40.1,34.7,659,237,741,19.01,73.1
2019,2,22,11,30,254,841,691,31.88,36.9,691,254,841,19.01,73.1
2019,2,22,12,30,248,872,716,29.35,38,716,248,872,19.01,73.1
2019,2,22,13,30,232,829,719,33.82,38.1,719,232,829,19.01,73.1
2019,2,22,14,30,342,555,291,43.16,37.4,657,224,704,19.01,73.1
2019,2,22,15,30,189,527,588,54.94,36,588,189,527,19.01,73.1
2019,2,22,16,30,140,308,444,67.88,33.6,444,140,308,19.01,73.1
2019,2,22,17,30,60,86,173,81.38,30.4,173,60,86,19.01,73.1
2019,2,22,18,30,0,0,0,95.38,28,0,0,0,19.01,73.1
2019,2,22,19,30,0,0,0,109.46,26.7,0,0,0,19.01,73.1
2019,2,22,20,30,0,0,0,123.62,26.1,0,0,0,19.01,73.1
2019,2,22,21,30,0,0,0,137.78,25.6,0,0,0,19.01,73.1
2019,2,22,22,30,0,0,0,151.74,25.1,0,0,0,19.01,73.1
2019,2,22,23,30,0,0,0,164.78,24.7,0,0,0,19.01,73.1
2019,2,23,0,30,0,0,0,170.82,24.3,0,0,0,19.01,73.1
2019,2,23,1,30,0,0,0,161.09,23.8,0,0,0,19.01,73.1
2019,2,23,2,30,0,0,0,147.6,23.3,0,0,0,19.01,73.1
2019,2,23,3,30,0,0,0,133.54,22.9,0,0,0,19.01,73.1
2019,2,23,4,30,0,0,0,119.37,22.7,0,0,0,19.01,73.1
2019,2,23,5,30,0,0,0,105.21,22.3,0,0,0,19.01,73.1
2019,2,23,6,30,0,0,0,91.15,23.9,0,0,0,19.01,73.1
2019,2,23,7,30,84,155,319,77.25,27.6,319,84,155,19.01,73.1
2019,2,23,8,30,141,384,551,63.84,32.4,551,141,384,19.01,73.1
2019,2,23,9,30,175,598,674,51.12,36.6,674,175,598,19.01,73.1
2019,2,23,10,30,196,763,739,39.82,38.7,739,196,763,19.01,73.1
2019,2,23,11,30,193,869,794,31.53,39.6,794,193,869,19.01,73.1
2019,2,23,12,30,197,896,799,28.99,39.9,799,197,896,19.01,73.1
2019,2,23,13,30,193,846,783,33.52,39.5,783,193,846,19.01,73.1
2019,2,23,14,30,189,720,726,42.94,38.7,726,189,720,19.01,73.1
2019,2,23,15,30,165,538,646,54.77,37.2,646,165,538,19.01,73.1
2019,2,23,16,30,127,316,499,67.75,34.9,499,127,316,19.01,73.1
2019,2,23,17,30,60,92,211,81.28,31.7,211,60,92,19.01,73.1
2019,2,23,18,30,0,0,0,95.29,29.2,0,0,0,19.01,73.1
2019,2,23,19,30,0,0,0,109.38,27.7,0,0,0,19.01,73.1
2019,2,23,20,30,0,0,0,123.55,26.6,0,0,0,19.01,73.1
2019,2,23,21,30,0,0,0,137.7,25.7,0,0,0,19.01,73.1
2019,2,23,22,30,0,0,0,151.63,25,0,0,0,19.01,73.1
2019,2,23,23,30,0,0,0,164.58,24.3,0,0,0,19.01,73.1
2019,2,24,0,30,0,0,0,170.45,23.8,0,0,0,19.01,73.1
2019,2,24,1,30,0,0,0,160.88,23.4,0,0,0,19.01,73.1
2019,2,24,2,30,0,0,0,147.44,23,0,0,0,19.01,73.1
2019,2,24,3,30,0,0,0,133.4,22.6,0,0,0,19.01,73.1
2019,2,24,4,30,0,0,0,119.23,22.5,0,0,0,19.01,73.1
2019,2,24,5,30,0,0,0,105.07,21.9,0,0,0,19.01,73.1
2019,2,24,6,30,0,0,0,91,23.8,0,0,0,19.01,73.1
2019,2,24,7,30,85,160,334,77.08,27.8,334,85,160,19.01,73.1
2019,2,24,8,30,137,396,583,63.64,31.7,583,137,396,19.01,73.1
2019,2,24,9,30,166,616,714,50.88,35,714,166,616,19.01,73.1
2019,2,24,10,30,183,785,781,39.53,37.2,781,183,785,19.01,73.1
2019,2,24,11,30,174,898,846,31.18,38,846,174,898,19.01,73.1
2019,2,24,12,30,180,921,845,28.62,38.2,845,180,921,19.01,73.1
2019,2,24,13,30,176,868,827,33.22,38.1,827,176,868,19.01,73.1
2019,2,24,14,30,162,744,793,42.72,37.5,793,162,744,19.01,73.1
2019,2,24,15,30,144,557,712,54.61,36,712,144,557,19.01,73.1
2019,2,24,16,30,114,328,563,67.63,33.5,563,114,328,19.01,73.1
2019,2,24,17,30,58,97,257,81.19,30,257,58,97,19.01,73.1
2019,2,24,18,30,0,0,0,95.21,27.2,0,0,0,19.01,73.1
2019,2,24,19,30,0,0,0,109.31,25.7,0,0,0,19.01,73.1
2019,2,24,20,30,0,0,0,123.48,24.7,0,0,0,19.01,73.1
2019,2,24,21,30,0,0,0,137.62,23.9,0,0,0,19.01,73.1
2019,2,24,22,30,0,0,0,151.52,23.3,0,0,0,19.01,73.1
2019,2,24,23,30,0,0,0,164.38,22.8,0,0,0,19.01,73.1
2019,2,25,0,30,0,0,0,170.09,22.3,0,0,0,19.01,73.1
2019,2,25,1,30,0,0,0,160.66,21.8,0,0,0,19.01,73.1
2019,2,25,2,30,0,0,0,147.28,21.4,0,0,0,19.01,73.1
2019,2,25,3,30,0,0,0,133.26,21,0,0,0,19.01,73.1
2019,2,25,4,30,0,0,0,119.09,20.8,0,0,0,19.01,73.1
2019,2,25,5,30,0,0,0,104.92,20.5,0,0,0,19.01,73.1
2019,2,25,6,30,0,0,0,90.85,22.5,0,0,0,19.01,73.1
2019,2,25,7,30,78,167,392,76.91,26.4,392,78,167,19.01,73.1
2019,2,25,8,30,123,408,639,63.44,30,639,123,408,19.01,73.1
2019,2,25,9,30,145,630,766,50.64,32.8,766,145,630,19.01,73.1
2019,2,25,10,30,157,805,838,39.23,34.8,838,157,805,19.01,73.1
2019,2,25,11,30,156,914,882,30.83,36.2,882,156,914,19.01,73.1
2019,2,25,12,30,162,940,883,28.26,36.9,883,162,940,19.01,73.1
2019,2,25,13,30,163,886,861,32.92,37,861,163,886,19.01,73.1
2019,2,25,14,30,171,753,790,42.5,36.3,790,171,753,19.01,73.1
2019,2,25,15,30,156,560,695,54.45,34.9,695,156,560,19.01,73.1
2019,2,25,16,30,126,329,529,67.51,32.5,529,126,329,19.01,73.1
2019,2,25,17,30,64,97,209,81.09,29.3,209,64,97,19.01,73.1
2019,2,25,18,30,0,0,0,95.13,26.6,0,0,0,19.01,73.1
2019,2,25,19,30,0,0,0,109.24,25.1,0,0,0,19.01,73.1
2019,2,25,20,30,0,0,0,123.41,24,0,0,0,19.01,73.1
2019,2,25,21,30,0,0,0,137.54,23.2,0,0,0,19.01,73.1
2019,2,25,22,30,0,0,0,151.41,22.4,0,0,0,19.01,73.1
2019,2,25,23,30,0,0,0,164.17,21.8,0,0,0,19.01,73.1
2019,2,26,0,30,0,0,0,169.71,21.2,0,0,0,19.01,73.1
2019,2,26,1,30,0,0,0,160.43,20.9,0,0,0,19.01,73.1
2019,2,26,2,30,0,0,0,147.11,20.7,0,0,0,19.01,73.1
2019,2,26,3,30,0,0,0,133.11,20.3,0,0,0,19.01,73.1
2019,2,26,4,30,0,0,0,118.95,20.1,0,0,0,19.01,73.1
2019,2,26,5,30,0,0,0,104.77,20.1,0,0,0,19.01,73.1
2019,2,26,6,30,0,0,0,90.12,21.8,0,0,0,19.01,73.1
2019,2,26,7,30,103,153,218,76.73,24.8,218,103,153,19.01,73.1
2019,2,26,8,30,173,384,469,63.24,27.9,469,173,384,19.01,73.1
2019,2,26,9,30,209,603,618,50.4,30.7,618,209,603,19.01,73.1
2019,2,26,10,30,229,777,705,38.94,32.6,705,229,777,19.01,73.1
2019,2,26,11,30,246,880,736,30.47,33.7,736,246,880,19.01,73.1
2019,2,26,12,30,248,908,746,27.89,34.1,746,248,908,19.01,73.1
2019,2,26,13,30,406,673,318,32.63,33.9,723,244,853,19.01,73.1
2019,2,26,14,30,350,559,283,42.28,33.1,684,223,729,19.01,73.1
2019,2,26,15,30,258,420,278,54.29,31.8,593,195,542,19.01,73.1
2019,2,26,16,30,158,239,212,67.39,30,428,151,315,19.01,73.1
2019,2,26,17,30,70,91,130,80.99,27.5,130,70,91,19.01,73.1
2019,2,26,18,30,0,0,0,95.05,25.5,0,0,0,19.01,73.1
2019,2,26,19,30,0,0,0,109.17,24.5,0,0,0,19.01,73.1
2019,2,26,20,30,0,0,0,123.34,23.6,0,0,0,19.01,73.1
2019,2,26,21,30,0,0,0,137.46,22.9,0,0,0,19.01,73.1
2019,2,26,22,30,0,0,0,151.3,22.4,0,0,0,19.01,73.1
2019,2,26,23,30,0,0,0,163.95,21.9,0,0,0,19.01,73.1
2019,2,27,0,30,0,0,0,169.34,21.5,0,0,0,19.01,73.1
2019,2,27,1,30,0,0,0,160.19,20.9,0,0,0,19.01,73.1
2019,2,27,2,30,0,0,0,146.93,20.4,0,0,0,19.01,73.1
2019,2,27,3,30,0,0,0,132.96,20,0,0,0,19.01,73.1
2019,2,27,4,30,0,0,0,118.8,19.8,0,0,0,19.01,73.1
2019,2,27,5,30,0,0,0,104.62,19.8,0,0,0,19.01,73.1
2019,2,27,6,30,0,0,0,89.98,21.5,0,0,0,19.01,73.1
2019,2,27,7,30,103,163,261,76.56,24.6,261,103,163,19.01,73.1
2019,2,27,8,30,164,400,521,63.03,27.5,521,164,400,19.01,73.1
2019,2,27,9,30,196,620,663,50.16,29.9,663,196,620,19.01,73.1
2019,2,27,10,30,212,792,743,38.64,31.4,743,212,792,19.01,73.1
2019,2,27,11,30,215,896,788,30.11,32.1,788,215,896,19.01,73.1
2019,2,27,12,30,215,922,797,27.52,32.2,797,215,922,19.01,73.1
2019,2,27,13,30,211,868,778,32.33,31.7,778,211,868,19.01,73.1
2019,2,27,14,30,200,741,728,42.07,31,728,200,741,19.01,73.1
2019,2,27,15,30,173,556,654,54.13,29.9,654,173,556,19.01,73.1
2019,2,27,16,30,134,330,508,67.27,28.3,508,134,330,19.01,73.1
2019,2,27,17,30,68,100,205,80.9,26.2,205,68,100,19.01,73.1
2019,2,27,18,30,0,0,0,94.97,24.4,0,0,0,19.01,73.1
2019,2,27,19,30,0,0,0,109.09,23.3,0,0,0,19.01,73.1
2019,2,27,20,30,0,0,0,123.27,22.5,0,0,0,19.01,73.1
2019,2,27,21,30,0,0,0,137.38,21.8,0,0,0,19.01,73.1
2019,2,27,22,30,0,0,0,151.18,21.3,0,0,0,19.01,73.1
2019,2,27,23,30,0,0,0,163.73,20.8,0,0,0,19.01,73.1
2019,2,28,0,30,0,0,0,168.96,20.2,0,0,0,19.01,73.1
2019,2,28,1,30,0,0,0,159.94,19.5,0,0,0,19.01,73.1
2019,2,28,2,30,0,0,0,146.75,18.9,0,0,0,19.01,73.1
2019,2,28,3,30,0,0,0,132.8,18.4,0,0,0,19.01,73.1
2019,2,28,4,30,0,0,0,118.65,18.2,0,0,0,19.01,73.1
2019,2,28,5,30,0,0,0,104.47,18.1,0,0,0,19.01,73.1
2019,2,28,6,30,0,0,0,89.84,20.1,0,0,0,19.01,73.1
2019,2,28,7,30,95,172,329,76.37,23.9,329,95,172,19.01,73.1
2019,2,28,8,30,146,415,589,62.83,27.4,589,146,415,19.01,73.1
2019,2,28,9,30,172,638,724,49.92,29.9,724,172,638,19.01,73.1
2019,2,28,10,30,186,812,799,38.34,31.7,799,186,812,19.01,73.1
2019,2,28,11,30,198,916,827,29.75,33,827,198,916,19.01,73.1
2019,2,28,12,30,198,944,837,27.15,33.9,837,198,944,19.01,73.1
2019,2,28,13,30,192,892,825,32.03,34.3,825,192,892,19.01,73.1
2019,2,28,14,30,169,772,809,41.86,34.3,809,169,772,19.01,73.1
2019,2,28,15,30,150,578,728,53.98,33.6,728,150,578,19.01,73.1
2019,2,28,16,30,119,343,577,67.15,31.8,577,119,343,19.01,73.1
2019,2,28,17,30,63,105,262,80.81,28.6,262,63,105,19.01,73.1
2019,2,28,18,30,0,0,0,94.89,26,0,0,0,19.01,73.1
2019,2,28,19,30,0,0,0,109.02,24.4,0,0,0,19.01,73.1
2019,2,28,20,30,0,0,0,123.2,23.1,0,0,0,19.01,73.1
2019,2,28,21,30,0,0,0,137.3,22.1,0,0,0,19.01,73.1
2019,2,28,22,30,0,0,0,151.06,21.4,0,0,0,19.01,73.1
2019,2,28,23,30,0,0,0,163.5,20.8,0,0,0,19.01,73.1
2019,3,1,0,30,0,0,0,168.59,20.3,0,0,0,19.01,73.1
2019,3,1,1,30,0,0,0,159.69,19.6,0,0,0,19.01,73.1
2019,3,1,2,30,0,0,0,146.57,18.8,0,0,0,19.01,73.1
2019,3,1,3,30,0,0,0,132.64,18.2,0,0,0,19.01,73.1
2019,3,1,4,30,0,0,0,118.49,17.9,0,0,0,19.01,73.1
2019,3,1,5,30,0,0,0,104.31,17.9,0,0,0,19.01,73.1
2019,3,1,6,30,0,0,0,89.7,19.8,0,0,0,19.01,73.1
2019,3,1,7,30,79,184,440,76.19,23.9,440,79,184,19.01,73.1
2019,3,1,8,30,115,427,678,62.62,28.6,678,115,427,19.01,73.1
2019,3,1,9,30,136,650,794,49.67,32,794,136,650,19.01,73.1
2019,3,1,10,30,149,822,854,38.04,34,854,149,822,19.01,73.1
2019,3,1,11,30,174,917,853,29.39,35.5,853,174,917,19.01,73.1
2019,3,1,12,30,178,943,857,26.78,36.4,857,178,943,19.01,73.1
2019,3,1,13,30,177,887,835,31.74,36.5,835,177,887,19.01,73.1
2019,3,1,14,30,178,754,770,41.65,36.1,770,178,754,19.01,73.1
2019,3,1,15,30,158,565,689,53.83,35,689,158,565,19.01,73.1
2019,3,1,16,30,125,335,539,67.04,32.8,539,125,335,19.01,73.1
2019,3,1,17,30,64,102,235,80.72,29.3,235,64,102,19.01,73.1
2019,3,1,18,30,0,0,0,94.81,26.3,0,0,0,19.01,73.1
2019,3,1,19,30,0,0,0,108.95,24.5,0,0,0,19.01,73.1
2019,3,1,20,30,0,0,0,123.13,23.5,0,0,0,19.01,73.1
2019,3,1,21,30,0,0,0,137.21,23.1,0,0,0,19.01,73.1
2019,3,1,22,30,0,0,0,150.94,23,0,0,0,19.01,73.1
2019,3,1,23,30,0,0,0,163.27,22.7,0,0,0,19.01,73.1
2019,3,2,0,30,0,0,0,168.2,21.9,0,0,0,19.01,73.1
2019,3,2,1,30,0,0,0,159.43,21,0,0,0,19.01,73.1
2019,3,2,2,30,0,0,0,146.37,20.5,0,0,0,19.01,73.1
2019,3,2,3,30,0,0,0,132.47,20.2,0,0,0,19.01,73.1
2019,3,2,4,30,0,0,0,118.33,20.1,0,0,0,19.01,73.1
2019,3,2,5,30,0,0,0,104.15,20,0,0,0,19.01,73.1
2019,3,2,6,30,0,0,0,89.56,22.4,0,0,0,19.01,73.1
2019,3,2,7,30,77,184,443,76.01,26.8,443,77,184,19.01,73.1
2019,3,2,8,30,112,427,680,62.41,30.5,680,112,427,19.01,73.1
2019,3,2,9,30,132,649,795,49.42,33.4,795,132,649,19.01,73.1
2019,3,2,10,30,145,822,856,37.74,35.6,856,145,822,19.01,73.1
2019,3,2,11,30,175,913,845,29.02,36.9,845,175,913,19.01,73.1
2019,3,2,12,30,176,937,849,26.4,37.2,849,176,937,19.01,73.1
2019,3,2,13,30,173,882,832,31.45,36.5,832,173,882,19.01,73.1
2019,3,2,14,30,181,747,754,41.44,35.1,754,181,747,19.01,73.1
2019,3,2,15,30,161,557,670,53.68,33,670,161,557,19.01,73.1
2019,3,2,16,30,129,331,516,66.92,30.2,516,129,331,19.01,73.1
2019,3,2,17,30,67,101,214,80.63,27.5,214,67,101,19.01,73.1
2019,3,2,18,30,0,0,0,94.74,25.5,0,0,0,19.01,73.1
2019,3,2,19,30,0,0,0,108.89,24.5,0,0,0,19.01,73.1
2019,3,2,20,30,0,0,0,123.06,23.7,0,0,0,19.01,73.1
2019,3,2,21,30,0,0,0,137.13,23.2,0,0,0,19.01,73.1
2019,3,2,22,30,0,0,0,150.81,22.9,0,0,0,19.01,73.1
2019,3,2,23,30,0,0,0,163.04,22.6,0,0,0,19.01,73.1
2019,3,3,0,30,0,0,0,167.82,22.2,0,0,0,19.01,73.1
2019,3,3,1,30,0,0,0,159.16,21.6,0,0,0,19.01,73.1
2019,3,3,2,30,0,0,0,146.17,20.9,0,0,0,19.01,73.1
2019,3,3,3,30,0,0,0,132.3,20.4,0,0,0,19.01,73.1
2019,3,3,4,30,0,0,0,118.17,20.2,0,0,0,19.01,73.1
2019,3,3,5,30,0,0,0,103.98,20.1,0,0,0,19.01,73.1
2019,3,3,6,30,0,0,0,89.41,21.8,0,0,0,19.01,73.1
2019,3,3,7,30,96,179,337,75.82,24.6,337,96,179,19.01,73.1
2019,3,3,8,30,140,416,592,62.2,27.2,592,140,416,19.01,73.1
2019,3,3,9,30,159,636,729,49.17,29.5,729,159,636,19.01,73.1
2019,3,3,10,30,168,805,802,37.44,31.4,802,168,805,19.01,73.1
2019,3,3,11,30,176,907,832,28.66,32.8,832,176,907,19.01,73.1
2019,3,3,12,30,174,933,844,26.03,33.5,844,174,933,19.01,73.1
2019,3,3,13,30,168,879,832,31.16,33.6,832,168,879,19.01,73.1
2019,3,3,14,30,164,751,780,41.24,33.1,780,164,751,19.01,73.1
2019,3,3,15,30,146,562,701,53.53,31.9,701,146,562,19.01,73.1
2019,3,3,16,30,117,335,553,66.81,30,553,117,335,19.01,73.1
2019,3,3,17,30,63,104,250,80.54,27.7,250,63,104,19.01,73.1
2019,3,3,18,30,0,0,0,94.67,25.8,0,0,0,19.01,73.1
2019,3,3,19,30,0,0,0,108.82,24.5,0,0,0,19.01,73.1
2019,3,3,20,30,0,0,0,122.99,23.6,0,0,0,19.01,73.1
2019,3,3,21,30,0,0,0,137.04,22.9,0,0,0,19.01,73.1
2019,3,3,22,30,0,0,0,150.69,22.3,0,0,0,19.01,73.1
2019,3,3,23,30,0,0,0,162.8,21.8,0,0,0,19.01,73.1
2019,3,4,0,30,0,0,0,167.44,21.4,0,0,0,19.01,73.1
2019,3,4,1,30,0,0,0,158.89,21.2,0,0,0,19.01,73.1
2019,3,4,2,30,0,0,0,145.97,21.1,0,0,0,19.01,73.1
2019,3,4,3,30,0,0,0,132.12,21,0,0,0,19.01,73.1
2019,3,4,4,30,0,0,0,118,21,0,0,0,19.01,73.1
2019,3,4,5,30,0,0,0,103.81,21.1,0,0,0,19.01,73.1
2019,3,4,6,30,0,0,0,89.26,22.3,0,0,0,19.01,73.1
2019,3,4,7,30,101,177,306,75.63,24.6,306,101,177,19.01,73.1
2019,3,4,8,30,152,413,555,61.99,27.1,555,152,413,19.01,73.1
2019,3,4,9,30,178,627,683,48.93,29.3,683,178,627,19.01,73.1
2019,3,4,10,30,196,794,750,37.13,31.1,750,196,794,19.01,73.1
2019,3,4,11,30,177,908,830,28.29,32.3,830,177,908,19.01,73.1
2019,3,4,12,30,182,930,830,25.65,32.9,830,182,930,19.01,73.1
2019,3,4,13,30,183,875,805,30.86,32.7,805,183,875,19.01,73.1
2019,3,4,14,30,237,724,646,41.03,31.9,646,237,724,19.01,73.1
2019,3,4,15,30,218,535,532,53.39,30.5,532,218,535,19.01,73.1
2019,3,4,16,30,174,310,343,66.7,28.6,343,174,310,19.01,73.1
2019,3,4,17,30,75,87,72,80.46,26.6,72,75,87,19.01,73.1
2019,3,4,18,30,0,0,0,94.59,25.1,0,0,0,19.01,73.1
2019,3,4,19,30,0,0,0,108.75,24.2,0,0,0,19.01,73.1
2019,3,4,20,30,0,0,0,122.91,23.3,0,0,0,19.01,73.1
2019,3,4,21,30,0,0,0,136.95,22.6,0,0,0,19.01,73.1
2019,3,4,22,30,0,0,0,150.55,22.1,0,0,0,19.01,73.1
2019,3,4,23,30,0,0,0,162.55,21.6,0,0,0,19.01,73.1
2019,3,5,0,30,0,0,0,167.05,21.2,0,0,0,19.01,73.1
2019,3,5,1,30,0,0,0,158.62,21,0,0,0,19.01,73.1
2019,3,5,2,30,0,0,0,145.76,21,0,0,0,19.01,73.1
2019,3,5,3,30,0,0,0,131.94,21,0,0,0,19.01,73.1
2019,3,5,4,30,0,0,0,117.83,20.9,0,0,0,19.01,73.1
2019,3,5,5,30,0,0,0,103.64,21,0,0,0,19.01,73.1
2019,3,5,6,30,0,0,0,89.1,22.3,0,0,0,19.01,73.1
2019,3,5,7,30,117,173,221,75.44,24.6,221,117,173,19.01,73.1
2019,3,5,8,30,178,405,480,61.77,27.1,480,178,405,19.01,73.1
2019,3,5,9,30,206,626,636,48.67,29.5,636,206,626,19.01,73.1
2019,3,5,10,30,218,797,723,36.83,31.4,723,218,797,19.01,73.1
2019,3,5,11,30,255,889,717,27.92,32.7,717,255,889,19.01,73.1
2019,3,5,12,30,253,919,737,25.27,33.4,737,253,919,19.01,73.1
2019,3,5,13,30,243,867,725,30.58,33.5,725,243,867,19.01,73.1
2019,3,5,14,30,216,743,696,40.83,32.9,696,216,743,19.01,73.1
2019,3,5,15,30,191,555,608,53.25,31.7,608,191,555,19.01,73.1
2019,3,5,16,30,151,326,440,66.6,29.8,440,151,326,19.01,73.1
2019,3,5,17,30,74,98,143,80.37,27.5,143,74,98,19.01,73.1
2019,3,5,18,30,0,0,0,94.52,25.6,0,0,0,19.01,73.1
2019,3,5,19,30,0,0,0,108.68,24.3,0,0,0,19.01,73.1
2019,3,5,20,30,0,0,0,122.84,23.4,0,0,0,19.01,73.1
2019,3,5,21,30,0,0,0,136.86,22.6,0,0,0,19.01,73.1
2019,3,5,22,30,0,0,0,150.42,22,0,0,0,19.01,73.1
2019,3,5,23,30,0,0,0,162.3,21.5,0,0,0,19.01,73.1
2019,3,6,0,30,0,0,0,166.66,20.9,0,0,0,19.01,73.1
2019,3,6,1,30,0,0,0,158.33,20.5,0,0,0,19.01,73.1
2019,3,6,2,30,0,0,0,145.55,20.1,0,0,0,19.01,73.1
2019,3,6,3,30,0,0,0,131.75,19.6,0,0,0,19.01,73.1
2019,3,6,4,30,0,0,0,117.65,19.3,0,0,0,19.01,73.1
2019,3,6,5,30,0,0,0,103.47,19.2,0,0,0,19.01,73.1
2019,3,6,6,30,4,4,0,88.94,21.1,0,4,4,19.01,73.1
2019,3,6,7,30,108,183,296,75.25,24.2,296,108,183,19.01,73.1
2019,3,6,8,30,162,425,553,61.56,26.8,553,162,425,19.01,73.1
2019,3,6,9,30,186,650,699,48.42,29.1,699,186,650,19.01,73.1
2019,3,6,10,30,196,824,781,36.52,31,781,196,824,19.01,73.1
2019,3,6,11,30,208,926,810,27.54,32.2,810,208,926,19.01,73.1
2019,3,6,12,30,208,953,821,24.89,32.6,821,208,953,19.01,73.1
2019,3,6,13,30,204,898,803,30.29,32.4,803,204,898,19.01,73.1
2019,3,6,14,30,189,770,765,40.64,31.7,765,189,770,19.01,73.1
2019,3,6,15,30,170,578,680,53.11,30.5,680,170,578,19.01,73.1
2019,3,6,16,30,136,344,523,66.49,28.7,523,136,344,19.01,73.1
2019,3,6,17,30,72,108,218,80.29,26.4,218,72,108,19.01,73.1
2019,3,6,18,30,0,0,0,94.45,24.5,0,0,0,19.01,73.1
2019,3,6,19,30,0,0,0,108.62,23.3,0,0,0,19.01,73.1
2019,3,6,20,30,0,0,0,122.77,22.2,0,0,0,19.01,73.1
2019,3,6,21,30,0,0,0,136.77,21.5,0,0,0,19.01,73.1
2019,3,6,22,30,0,0,0,150.28,20.8,0,0,0,19.01,73.1
2019,3,6,23,30,0,0,0,162.04,20.3,0,0,0,19.01,73.1
2019,3,7,0,30,0,0,0,166.27,19.8,0,0,0,19.01,73.1
2019,3,7,1,30,0,0,0,158.04,19.2,0,0,0,19.01,73.1
2019,3,7,2,30,0,0,0,145.33,18.7,0,0,0,19.01,73.1
2019,3,7,3,30,0,0,0,131.57,18.3,0,0,0,19.01,73.1
2019,3,7,4,30,0,0,0,117.48,18.1,0,0,0,19.01,73.1
2019,3,7,5,30,0,0,0,103.3,18.1,0,0,0,19.01,73.1
2019,3,7,6,30,6,6,2,88.78,20.1,2,6,6,19.01,73.1
2019,3,7,7,30,104,192,345,75.06,23.7,345,104,192,19.01,73.1
2019,3,7,8,30,152,437,593,61.34,27.5,593,152,437,19.01,73.1
2019,3,7,9,30,177,661,725,48.17,30.7,725,177,661,19.01,73.1
2019,3,7,10,30,190,837,802,36.21,33,802,190,837,19.01,73.1
2019,3,7,11,30,220,930,798,27.17,34.7,798,220,930,19.01,73.1
2019,3,7,12,30,224,952,801,24.51,35.6,801,224,952,19.01,73.1
2019,3,7,13,30,220,894,779,30.01,35.9,779,220,894,19.01,73.1
2019,3,7,14,30,198,769,750,40.44,35.4,750,198,769,19.01,73.1
2019,3,7,15,30,176,575,662,52.97,34.3,662,176,575,19.01,73.1
2019,3,7,16,30,140,342,504,66.39,32.3,504,140,342,19.01,73.1
2019,3,7,17,30,73,107,199,80.21,29.1,199,73,107,19.01,73.1
2019,3,7,18,30,0,0,0,94.38,26.4,0,0,0,19.01,73.1
2019,3,7,19,30,0,0,0,108.55,24.8,0,0,0,19.01,73.1
2019,3,7,20,30,0,0,0,122.7,23.6,0,0,0,19.01,73.1
2019,3,7,21,30,0,0,0,136.68,22.8,0,0,0,19.01,73.1
2019,3,7,22,30,0,0,0,150.14,22.3,0,0,0,19.01,73.1
2019,3,7,23,30,0,0,0,161.78,21.9,0,0,0,19.01,73.1
2019,3,8,0,30,0,0,0,165.87,21.5,0,0,0,19.01,73.1
2019,3,8,1,30,0,0,0,157.75,21,0,0,0,19.01,73.1
2019,3,8,2,30,0,0,0,145.11,20.6,0,0,0,19.01,73.1
2019,3,8,3,30,0,0,0,131.37,20.2,0,0,0,19.01,73.1
2019,3,8,4,30,0,0,0,117.3,20,0,0,0,19.01,73.1
2019,3,8,5,30,0,0,0,103.12,20,0,0,0,19.01,73.1
2019,3,8,6,30,6,6,1,88.61,22.3,1,6,6,19.01,73.1
2019,3,8,7,30,108,190,314,74.86,26.4,314,108,190,19.01,73.1
2019,3,8,8,30,162,431,556,61.12,30.3,556,162,431,19.01,73.1
2019,3,8,9,30,192,649,682,47.92,33.7,682,192,649,19.01,73.1
2019,3,8,10,30,212,816,747,35.91,36,747,212,816,19.01,73.1
2019,3,8,11,30,265,901,712,26.79,37.1,712,265,901,19.01,73.1
2019,3,8,12,30,272,922,712,24.13,37,712,272,922,19.01,73.1
2019,3,8,13,30,268,862,684,29.72,36.3,684,268,862,19.01,73.1
2019,3,8,14,30,269,727,601,40.25,35.2,601,269,727,19.01,73.1
2019,3,8,15,30,231,543,516,52.84,33.7,516,231,543,19.01,73.1
2019,3,8,16,30,175,319,359,66.29,31.8,359,175,319,19.01,73.1
2019,3,8,17,30,79,96,99,80.13,29.2,99,79,96,19.01,73.1
2019,3,8,18,30,0,0,0,94.31,27,0,0,0,19.01,73.1
2019,3,8,19,30,0,0,0,108.48,25.7,0,0,0,19.01,73.1
2019,3,8,20,30,0,0,0,122.63,24.8,0,0,0,19.01,73.1
2019,3,8,21,30,0,0,0,136.58,24.1,0,0,0,19.01,73.1
2019,3,8,22,30,0,0,0,150,23.4,0,0,0,19.01,73.1
2019,3,8,23,30,0,0,0,161.52,22.8,0,0,0,19.01,73.1
2019,3,9,0,30,0,0,0,165.48,22.3,0,0,0,19.01,73.1
2019,3,9,1,30,0,0,0,157.45,21.8,0,0,0,19.01,73.1
2019,3,9,2,30,0,0,0,144.88,21.4,0,0,0,19.01,73.1
2019,3,9,3,30,0,0,0,131.18,21,0,0,0,19.01,73.1
2019,3,9,4,30,0,0,0,117.11,20.9,0,0,0,19.01,73.1
2019,3,9,5,30,0,0,0,102.94,21,0,0,0,19.01,73.1
2019,3,9,6,30,6,6,1,88.44,23.3,1,6,6,19.01,73.1
2019,3,9,7,30,113,189,285,74.66,27.5,285,113,189,19.01,73.1
2019,3,9,8,30,172,425,519,60.9,31.3,519,172,425,19.01,73.1
2019,3,9,9,30,207,645,650,47.66,33.9,650,207,645,19.01,73.1
2019,3,9,10,30,225,812,722,35.6,35.7,722,225,812,19.01,73.1
2019,3,9,11,30,204,925,805,26.41,36.7,805,204,925,19.01,73.1
2019,3,9,12,30,204,950,815,23.75,37,815,204,950,19.01,73.1
2019,3,9,13,30,196,892,799,29.44,36.7,799,196,892,19.01,73.1
2019,3,9,14,30,218,749,694,40.07,35.9,694,218,749,19.01,73.1
2019,3,9,15,30,192,560,608,52.71,34.7,608,192,560,19.01,73.1
2019,3,9,16,30,150,334,456,66.2,32.8,456,150,334,19.01,73.1
2019,3,9,17,30,75,104,170,80.06,30.1,170,75,104,19.01,73.1
2019,3,9,18,30,0,0,0,94.24,27.8,0,0,0,19.01,73.1
2019,3,9,19,30,0,0,0,108.42,26.5,0,0,0,19.01,73.1
2019,3,9,20,30,0,0,0,122.55,25.5,0,0,0,19.01,73.1
2019,3,9,21,30,0,0,0,136.49,24.8,0,0,0,19.01,73.1
2019,3,9,22,30,0,0,0,149.85,24.2,0,0,0,19.01,73.1
2019,3,9,23,30,0,0,0,161.25,23.7,0,0,0,19.01,73.1
2019,3,10,0,30,0,0,0,165.08,23.2,0,0,0,19.01,73.1
2019,3,10,1,30,0,0,0,157.15,22.8,0,0,0,19.01,73.1
2019,3,10,2,30,0,0,0,144.65,22.4,0,0,0,19.01,73.1
2019,3,10,3,30,0,0,0,130.98,21.9,0,0,0,19.01,73.1
2019,3,10,4,30,0,0,0,116.93,21.7,0,0,0,19.01,73.1
2019,3,10,5,30,0,0,0,102.75,21.5,0,0,0,19.01,73.1
2019,3,10,6,30,9,9,4,88.27,23.8,4,9,9,19.01,73.1
2019,3,10,7,30,105,201,361,74.47,28.2,361,105,201,19.01,73.1
2019,3,10,8,30,153,445,596,60.68,32.2,596,153,445,19.01,73.1
2019,3,10,9,30,180,667,719,47.41,35.1,719,180,667,19.01,73.1
2019,3,10,10,30,195,838,787,35.29,37,787,195,838,19.01,73.1
2019,3,10,11,30,217,934,798,26.04,38,798,217,934,19.01,73.1
2019,3,10,12,30,219,958,806,23.37,38.1,806,219,958,19.01,73.1
2019,3,10,13,30,214,900,786,29.17,37.5,786,214,900,19.01,73.1
2019,3,10,14,30,207,768,731,39.88,36.5,731,207,768,19.01,73.1
2019,3,10,15,30,182,575,647,52.58,35,647,182,575,19.01,73.1
2019,3,10,16,30,143,343,494,66.1,32.8,494,143,343,19.01,73.1
2019,3,10,17,30,74,109,198,79.98,29.8,198,74,109,19.01,73.1
2019,3,10,18,30,0,0,0,94.18,27.2,0,0,0,19.01,73.1
2019,3,10,19,30,0,0,0,108.35,25.7,0,0,0,19.01,73.1
2019,3,10,20,30,0,0,0,122.48,24.6,0,0,0,19.01,73.1
2019,3,10,21,30,0,0,0,136.39,23.8,0,0,0,19.01,73.1
2019,3,10,22,30,0,0,0,149.7,23.3,0,0,0,19.01,73.1
2019,3,10,23,30,0,0,0,160.98,22.8,0,0,0,19.01,73.1
2019,3,11,0,30,0,0,0,164.69,22.2,0,0,0,19.01,73.1
2019,3,11,1,30,0,0,0,156.84,21.5,0,0,0,19.01,73.1
2019,3,11,2,30,0,0,0,144.41,21,0,0,0,19.01,73.1
2019,3,11,3,30,0,0,0,130.77,20.5,0,0,0,19.01,73.1
2019,3,11,4,30,0,0,0,116.74,20.3,0,0,0,19.01,73.1
2019,3,11,5,30,0,0,0,102.57,20.1,0,0,0,19.01,73.1
2019,3,11,6,30,8,8,2,88.1,22.1,2,8,8,19.01,73.1
2019,3,11,7,30,116,193,282,74.26,25.4,282,116,193,19.01,73.1
2019,3,11,8,30,180,428,503,60.46,28.5,503,180,428,19.01,73.1
2019,3,11,9,30,218,642,624,47.15,31.1,624,218,642,19.01,73.1
2019,3,11,10,30,239,808,694,34.98,33.1,694,239,808,19.01,73.1
2019,3,11,11,30,207,924,796,25.66,34.5,796,207,924,19.01,73.1
2019,3,11,12,30,211,947,799,22.99,35,799,211,947,19.01,73.1
2019,3,11,13,30,210,890,777,28.89,34.8,777,210,890,19.01,73.1
2019,3,11,14,30,204,758,720,39.7,34.1,720,204,758,19.01,73.1
2019,3,11,15,30,182,568,634,52.45,32.9,634,182,568,19.01,73.1
2019,3,11,16,30,145,339,478,66.01,31,478,145,339,19.01,73.1
2019,3,11,17,30,75,107,184,79.91,28.5,184,75,107,19.01,73.1
2019,3,11,18,30,0,0,0,94.11,26.3,0,0,0,19.01,73.1
2019,3,11,19,30,0,0,0,108.29,24.9,0,0,0,19.01,73.1
2019,3,11,20,30,0,0,0,122.4,23.8,0,0,0,19.01,73.1
2019,3,11,21,30,0,0,0,136.29,22.9,0,0,0,19.01,73.1
2019,3,11,22,30,0,0,0,149.54,22.2,0,0,0,19.01,73.1
2019,3,11,23,30,0,0,0,160.7,21.6,0,0,0,19.01,73.1
2019,3,12,0,30,0,0,0,164.29,21,0,0,0,19.01,73.1
2019,3,12,1,30,0,0,0,156.53,20.6,0,0,0,19.01,73.1
2019,3,12,2,30,0,0,0,144.17,20.2,0,0,0,19.01,73.1
2019,3,12,3,30,0,0,0,130.56,19.8,0,0,0,19.01,73.1
2019,3,12,4,30,0,0,0,116.55,19.7,0,0,0,19.01,73.1
2019,3,12,5,30,0,0,0,102.38,19.7,0,0,0,19.01,73.1
2019,3,12,6,30,9,10,4,87.92,21.6,4,9,10,19.01,73.1
2019,3,12,7,30,114,199,308,74.06,25,308,114,199,19.01,73.1
2019,3,12,8,30,175,438,531,60.24,28.4,531,175,438,19.01,73.1
2019,3,12,9,30,208,655,655,46.9,31.4,655,208,655,19.01,73.1
2019,3,12,10,30,226,821,723,34.67,33.9,723,226,821,19.01,73.1
2019,3,12,11,30,263,911,716,25.28,35.7,716,263,911,19.01,73.1
2019,3,12,12,30,264,934,726,22.61,36.6,726,264,934,19.01,73.1
2019,3,12,13,30,254,878,711,28.62,36.5,711,254,878,19.01,73.1
2019,3,12,14,30,264,740,617,39.52,35.6,617,264,740,19.01,73.1
2019,3,12,15,30,279,416,224,52.33,34.2,529,229,552,19.01,73.1
2019,3,12,16,30,172,329,386,65.92,32.1,386,172,329,19.01,73.1
2019,3,12,17,30,79,103,137,79.83,29.3,137,79,103,19.01,73.1
2019,3,12,18,30,0,0,0,94.05,26.9,0,0,0,19.01,73.1
2019,3,12,19,30,0,0,0,108.22,25.6,0,0,0,19.01,73.1
2019,3,12,20,30,0,0,0,122.33,24.6,0,0,0,19.01,73.1
2019,3,12,21,30,0,0,0,136.19,23.8,0,0,0,19.01,73.1
2019,3,12,22,30,0,0,0,149.39,23,0,0,0,19.01,73.1
2019,3,12,23,30,0,0,0,160.42,22.4,0,0,0,19.01,73.1
2019,3,13,0,30,0,0,0,163.89,21.9,0,0,0,19.01,73.1
2019,3,13,1,30,0,0,0,156.21,21.4,0,0,0,19.01,73.1
2019,3,13,2,30,0,0,0,143.92,21,0,0,0,19.01,73.1
2019,3,13,3,30,0,0,0,130.35,20.6,0,0,0,19.01,73.1
2019,3,13,4,30,0,0,0,116.35,20.4,0,0,0,19.01,73.1
2019,3,13,5,30,0,0,0,102.19,20.4,0,0,0,19.01,73.1
2019,3,13,6,30,11,11,6,87.74,22.2,6,11,11,19.01,73.1
2019,3,13,7,30,115,202,314,73.86,25,314,115,202,19.01,73.1
2019,3,13,8,30,168,440,543,60.02,27.6,543,168,440,19.01,73.1
2019,3,13,9,30,197,659,673,46.64,30.1,673,197,659,19.01,73.1
2019,3,13,10,30,211,824,742,34.36,32.2,742,211,824,19.01,73.1
2019,3,13,11,30,229,922,765,24.9,33.8,765,229,922,19.01,73.1
2019,3,13,12,30,231,945,772,22.23,34.8,772,231,945,19.01,73.1
2019,3,13,13,30,225,890,755,28.35,34.9,755,225,890,19.01,73.1
2019,3,13,14,30,217,759,701,39.35,34.3,701,217,759,19.01,73.1
2019,3,13,15,30,189,570,622,52.21,33.1,622,189,570,19.01,73.1
2019,3,13,16,30,169,255,209,65.83,31.2,473,148,342,19.01,73.1
2019,3,13,17,30,76,111,193,79.76,28.6,193,76,111,19.01,73.1
2019,3,13,18,30,0,0,0,93.98,26.5,0,0,0,19.01,73.1
2019,3,13,19,30,0,0,0,108.16,25.3,0,0,0,19.01,73.1
2019,3,13,20,30,0,0,0,122.25,24.8,0,0,0,19.01,73.1
2019,3,13,21,30,0,0,0,136.09,24.3,0,0,0,19.01,73.1
2019,3,13,22,30,0,0,0,149.23,23.7,0,0,0,19.01,73.1
2019,3,13,23,30,0,0,0,160.13,23,0,0,0,19.01,73.1
2019,3,14,0,30,0,0,0,163.49,22.3,0,0,0,19.01,73.1
2019,3,14,1,30,0,0,0,155.89,21.8,0,0,0,19.01,73.1
2019,3,14,2,30,0,0,0,143.67,21.4,0,0,0,19.01,73.1
2019,3,14,3,30,0,0,0,130.14,21.1,0,0,0,19.01,73.1
2019,3,14,4,30,0,0,0,116.15,21,0,0,0,19.01,73.1
2019,3,14,5,30,0,0,0,102,21.1,0,0,0,19.01,73.1
2019,3,14,6,30,11,12,7,87.56,22.6,7,11,12,19.01,73.1
2019,3,14,7,30,123,202,283,73.66,24.9,283,123,202,19.01,73.1
2019,3,14,8,30,186,438,501,59.8,27.3,501,186,438,19.01,73.1
2019,3,14,9,30,221,654,628,46.39,29.8,628,221,654,19.01,73.1
2019,3,14,10,30,241,822,701,34.05,32,701,241,822,19.01,73.1
2019,3,14,11,30,256,921,731,24.52,33.6,731,256,921,19.01,73.1
2019,3,14,12,30,256,946,743,21.85,34.4,743,256,946,19.01,73.1
2019,3,14,13,30,246,888,727,28.09,34.5,727,246,888,19.01,73.1
2019,3,14,14,30,224,764,697,39.18,34,697,224,764,19.01,73.1
2019,3,14,15,30,194,575,620,52.09,33,620,194,575,19.01,73.1
2019,3,14,16,30,150,346,478,65.74,31.3,478,150,346,19.01,73.1
2019,3,14,17,30,77,113,201,79.69,29,201,77,113,19.01,73.1
2019,3,14,18,30,0,0,0,93.92,26.8,0,0,0,19.01,73.1
2019,3,14,19,30,0,0,0,108.09,25.3,0,0,0,19.01,73.1
2019,3,14,20,30,0,0,0,122.18,24.1,0,0,0,19.01,73.1
2019,3,14,21,30,0,0,0,135.99,23.2,0,0,0,19.01,73.1
2019,3,14,22,30,0,0,0,149.06,22.5,0,0,0,19.01,73.1
2019,3,14,23,30,0,0,0,159.85,21.9,0,0,0,19.01,73.1
2019,3,15,0,30,0,0,0,163.09,21.4,0,0,0,19.01,73.1
2019,3,15,1,30,0,0,0,155.57,20.9,0,0,0,19.01,73.1
2019,3,15,2,30,0,0,0,143.42,20.6,0,0,0,19.01,73.1
2019,3,15,3,30,0,0,0,129.92,20.2,0,0,0,19.01,73.1
2019,3,15,4,30,0,0,0,115.96,20,0,0,0,19.01,73.1
2019,3,15,5,30,0,0,0,101.81,20.2,0,0,0,19.01,73.1
2019,3,15,6,30,15,16,18,87.37,22.5,18,15,16,19.01,73.1
2019,3,15,7,30,110,215,368,73.46,26.8,368,110,215,19.01,73.1
2019,3,15,8,30,160,456,584,59.58,31.1,584,160,456,19.01,73.1
2019,3,15,9,30,189,676,703,46.14,34.4,703,189,676,19.01,73.1
2019,3,15,10,30,204,845,771,33.74,36.8,771,204,845,19.01,73.1
2019,3,15,11,30,202,949,819,24.14,38.4,819,202,949,19.01,73.1
2019,3,15,12,30,201,971,827,21.47,39.2,827,201,971,19.01,73.1
2019,3,15,13,30,195,914,814,27.83,39.1,814,195,914,19.01,73.1
2019,3,15,14,30,192,781,757,39.01,38.3,757,192,781,19.01,73.1
2019,3,15,15,30,168,589,683,51.98,36.8,683,168,589,19.01,73.1
2019,3,15,16,30,132,357,547,65.66,34.6,547,132,357,19.01,73.1
2019,3,15,17,30,71,119,265,79.63,31.2,265,71,119,19.01,73.1
2019,3,15,18,30,0,0,0,93.86,28.2,0,0,0,19.01,73.1
2019,3,15,19,30,0,0,0,108.03,26.5,0,0,0,19.01,73.1
2019,3,15,20,30,0,0,0,122.1,25.3,0,0,0,19.01,73.1
2019,3,15,21,30,0,0,0,135.88,24.3,0,0,0,19.01,73.1
2019,3,15,22,30,0,0,0,148.9,23.5,0,0,0,19.01,73.1
2019,3,15,23,30,0,0,0,159.56,22.9,0,0,0,19.01,73.1
2019,3,16,0,30,0,0,0,162.69,22.4,0,0,0,19.01,73.1
2019,3,16,1,30,0,0,0,155.24,22.2,0,0,0,19.01,73.1
2019,3,16,2,30,0,0,0,143.16,22.1,0,0,0,19.01,73.1
2019,3,16,3,30,0,0,0,129.7,22,0,0,0,19.01,73.1
2019,3,16,4,30,0,0,0,115.75,22,0,0,0,19.01,73.1
2019,3,16,5,30,0,0,0,101.61,22.1,0,0,0,19.01,73.1
2019,3,16,6,30,18,21,52,87.19,24.5,52,18,21,19.01,73.1
2019,3,16,7,30,95,227,460,73.25,28.6,460,95,227,19.01,73.1
2019,3,16,8,30,135,472,661,59.35,32.6,661,135,472,19.01,73.1
2019,3,16,9,30,159,692,766,45.88,36,766,159,692,19.01,73.1
2019,3,16,10,30,174,860,823,33.44,38.1,823,174,860,19.01,73.1
2019,3,16,11,30,200,948,817,23.75,39.1,817,200,948,19.01,73.1
2019,3,16,12,30,204,969,821,21.09,39.3,821,204,969,19.01,73.1
2019,3,16,13,30,200,911,802,27.57,38.8,802,200,911,19.01,73.1
2019,3,16,14,30,201,774,735,38.85,37.8,735,201,774,19.01,73.1
2019,3,16,15,30,176,582,659,51.87,36.2,659,176,582,19.01,73.1
2019,3,16,16,30,137,352,519,65.58,33.9,519,137,352,19.01,73.1
2019,3,16,17,30,71,115,243,79.56,30.7,243,71,115,19.01,73.1
2019,3,16,18,30,0,0,0,93.8,27.8,0,0,0,19.01,73.1
2019,3,16,19,30,0,0,0,107.96,26.1,0,0,0,19.01,73.1
2019,3,16,20,30,0,0,0,122.02,25,0,0,0,19.01,73.1
2019,3,16,21,30,0,0,0,135.77,24.2,0,0,0,19.01,73.1
2019,3,16,22,30,0,0,0,148.73,23.7,0,0,0,19.01,73.1
2019,3,16,23,30,0,0,0,159.26,23.2,0,0,0,19.01,73.1
2019,3,17,0,30,0,0,0,162.29,22.9,0,0,0,19.01,73.1
2019,3,17,1,30,0,0,0,154.92,22.5,0,0,0,19.01,73.1
2019,3,17,2,30,0,0,0,142.91,22.2,0,0,0,19.01,73.1
2019,3,17,3,30,0,0,0,129.48,21.8,0,0,0,19.01,73.1
2019,3,17,4,30,0,0,0,115.55,21.7,0,0,0,19.01,73.1
2019,3,17,5,30,0,0,0,101.42,21.5,0,0,0,19.01,73.1
2019,3,17,6,30,18,20,42,87,22.8,42,18,20,19.01,73.1
2019,3,17,7,30,104,225,414,73.05,26.4,414,104,225,19.01,73.1
2019,3,17,8,30,146,471,633,59.13,30.5,633,146,471,19.01,73.1
2019,3,17,9,30,168,691,748,45.63,33.4,748,168,691,19.01,73.1
2019,3,17,10,30,180,861,813,33.13,35.7,813,180,861,19.01,73.1
2019,3,17,11,30,193,957,833,23.37,37.2,833,193,957,19.01,73.1
2019,3,17,12,30,193,980,841,20.71,37.7,841,193,980,19.01,73.1
2019,3,17,13,30,189,922,825,27.31,37.4,825,189,922,19.01,73.1
2019,3,17,14,30,186,786,768,38.69,36.6,768,186,786,19.01,73.1
2019,3,17,15,30,162,593,696,51.76,35.2,696,162,593,19.01,73.1
2019,3,17,16,30,127,361,562,65.5,33.3,562,127,361,19.01,73.1
2019,3,17,17,30,69,122,289,79.5,30.2,289,69,122,19.01,73.1
2019,3,17,18,30,0,0,0,93.74,27.4,0,0,0,19.01,73.1
2019,3,17,19,30,0,0,0,107.9,25.9,0,0,0,19.01,73.1
2019,3,17,20,30,0,0,0,121.94,24.9,0,0,0,19.01,73.1
2019,3,17,21,30,0,0,0,135.66,24.1,0,0,0,19.01,73.1
2019,3,17,22,30,0,0,0,148.55,23.4,0,0,0,19.01,73.1
2019,3,17,23,30,0,0,0,158.97,22.6,0,0,0,19.01,73.1
2019,3,18,0,30,0,0,0,161.89,21.9,0,0,0,19.01,73.1
2019,3,18,1,30,0,0,0,154.58,21.2,0,0,0,19.01,73.1
2019,3,18,2,30,0,0,0,142.64,20.8,0,0,0,19.01,73.1
2019,3,18,3,30,0,0,0,129.26,20.5,0,0,0,19.01,73.1
2019,3,18,4,30,0,0,0,115.34,20.4,0,0,0,19.01,73.1
2019,3,18,5,30,0,0,0,101.22,20.8,0,0,0,19.01,73.1
2019,3,18,6,30,20,23,56,86.81,23.7,56,20,23,19.01,73.1
2019,3,18,7,30,101,233,446,72.85,28.3,446,101,233,19.01,73.1
2019,3,18,8,30,143,480,653,58.91,32.5,653,143,480,19.01,73.1
2019,3,18,9,30,168,702,759,45.38,35.7,759,168,702,19.01,73.1
2019,3,18,10,30,182,871,820,32.82,37.7,820,182,871,19.01,73.1
2019,3,18,11,30,185,973,856,22.99,38.9,856,185,973,19.01,73.1
2019,3,18,12,30,184,996,865,20.33,39.2,865,184,996,19.01,73.1
2019,3,18,13,30,179,934,848,27.06,38.8,848,179,934,19.01,73.1
2019,3,18,14,30,184,793,779,38.53,37.9,779,184,793,19.01,73.1
2019,3,18,15,30,163,598,700,51.66,36.4,700,163,598,19.01,73.1
2019,3,18,16,30,130,362,557,65.42,34.3,557,130,362,19.01,73.1
2019,3,18,17,30,71,121,270,79.43,31.1,270,71,121,19.01,73.1
2019,3,18,18,30,0,0,0,93.68,28.3,0,0,0,19.01,73.1
2019,3,18,19,30,0,0,0,107.83,26.7,0,0,0,19.01,73.1
2019,3,18,20,30,0,0,0,121.86,25.6,0,0,0,19.01,73.1
2019,3,18,21,30,0,0,0,135.55,24.9,0,0,0,19.01,73.1
2019,3,18,22,30,0,0,0,148.38,24.4,0,0,0,19.01,73.1
2019,3,18,23,30,0,0,0,158.67,23.9,0,0,0,19.01,73.1
2019,3,19,0,30,0,0,0,161.49,23.2,0,0,0,19.01,73.1
2019,3,19,1,30,0,0,0,154.25,22.6,0,0,0,19.01,73.1
2019,3,19,2,30,0,0,0,142.38,22,0,0,0,19.01,73.1
2019,3,19,3,30,0,0,0,129.03,21.6,0,0,0,19.01,73.1
2019,3,19,4,30,0,0,0,115.14,21.4,0,0,0,19.01,73.1
2019,3,19,5,30,0,0,0,101.02,21.6,0,0,0,19.01,73.1
2019,3,19,6,30,22,27,80,86.63,24.3,80,22,27,19.01,73.1
2019,3,19,7,30,92,245,512,72.64,28.7,512,92,245,19.01,73.1
2019,3,19,8,30,129,498,709,58.69,32.6,709,129,498,19.01,73.1
2019,3,19,9,30,151,722,808,45.12,35.7,808,151,722,19.01,73.1
2019,3,19,10,30,166,891,860,32.52,37.6,860,166,891,19.01,73.1
2019,3,19,11,30,184,986,868,22.61,38.7,868,184,986,19.01,73.1
2019,3,19,12,30,190,1001,863,19.96,39.1,863,190,1001,19.01,73.1
2019,3,19,13,30,190,940,840,26.82,38.8,840,190,940,19.01,73.1
2019,3,19,14,30,179,803,796,38.38,38,796,179,803,19.01,73.1
2019,3,19,15,30,162,605,712,51.56,36.8,712,162,605,19.01,73.1
2019,3,19,16,30,130,364,563,65.35,34.7,563,130,364,19.01,73.1
2019,3,19,17,30,71,122,276,79.37,31.3,276,71,122,19.01,73.1
2019,3,19,18,30,0,0,0,93.62,28.2,0,0,0,19.01,73.1
2019,3,19,19,30,0,0,0,107.77,26.5,0,0,0,19.01,73.1
2019,3,19,20,30,0,0,0,121.78,25.5,0,0,0,19.01,73.1
2019,3,19,21,30,0,0,0,135.44,24.8,0,0,0,19.01,73.1
2019,3,19,22,30,0,0,0,148.2,24.3,0,0,0,19.01,73.1
2019,3,19,23,30,0,0,0,158.36,23.7,0,0,0,19.01,73.1
2019,3,20,0,30,0,0,0,161.08,23,0,0,0,19.01,73.1
2019,3,20,1,30,0,0,0,153.91,22.3,0,0,0,19.01,73.1
2019,3,20,2,30,0,0,0,142.11,21.8,0,0,0,19.01,73.1
2019,3,20,3,30,0,0,0,128.8,21.4,0,0,0,19.01,73.1
2019,3,20,4,30,0,0,0,114.93,21.2,0,0,0,19.01,73.1
2019,3,20,5,30,0,0,0,100.82,21.1,0,0,0,19.01,73.1
2019,3,20,6,30,20,22,27,86.43,23.1,27,20,22,19.01,73.1
2019,3,20,7,30,121,225,347,72.44,26.8,347,121,225,19.01,73.1
2019,3,20,8,30,176,466,555,58.47,30.5,555,176,466,19.01,73.1
2019,3,20,9,30,207,682,670,44.87,33.5,670,207,682,19.01,73.1
2019,3,20,10,30,226,848,735,32.22,35.4,735,226,848,19.01,73.1
2019,3,20,11,30,170,975,870,22.23,36.6,870,170,975,19.01,73.1
2019,3,20,12,30,169,996,878,19.58,37.1,878,169,996,19.01,73.1
2019,3,20,13,30,163,941,869,26.58,36.7,869,163,941,19.01,73.1
2019,3,20,14,30,181,794,780,38.23,35.8,780,181,794,19.01,73.1
2019,3,20,15,30,159,600,709,51.46,34.4,709,159,600,19.01,73.1
2019,3,20,16,30,125,367,577,65.27,32.5,577,125,367,19.01,73.1
2019,3,20,17,30,69,124,299,79.31,29.6,299,69,124,19.01,73.1
2019,3,20,18,30,0,0,0,93.56,27,0,0,0,19.01,73.1
2019,3,20,19,30,0,0,0,107.71,25.4,0,0,0,19.01,73.1
2019,3,20,20,30,0,0,0,121.7,24.3,0,0,0,19.01,73.1
2019,3,20,21,30,0,0,0,135.32,23.4,0,0,0,19.01,73.1
2019,3,20,22,30,0,0,0,148.02,22.8,0,0,0,19.01,73.1
2019,3,20,23,30,0,0,0,158.06,22.2,0,0,0,19.01,73.1
2019,3,21,0,30,0,0,0,160.68,21.8,0,0,0,19.01,73.1
2019,3,21,1,30,0,0,0,153.57,21.5,0,0,0,19.01,73.1
2019,3,21,2,30,0,0,0,141.84,21.2,0,0,0,19.01,73.1
2019,3,21,3,30,0,0,0,128.57,20.8,0,0,0,19.01,73.1
2019,3,21,4,30,0,0,0,114.72,20.7,0,0,0,19.01,73.1
2019,3,21,5,30,0,0,0,100.62,20.8,0,0,0,19.01,73.1
2019,3,21,6,30,23,26,43,86.24,22.6,43,23,26,19.01,73.1
2019,3,21,7,30,112,234,400,72.23,25.9,400,112,234,19.01,73.1
2019,3,21,8,30,155,477,612,58.25,29.5,612,155,477,19.01,73.1
2019,3,21,9,30,178,696,727,44.62,32.8,727,178,696,19.01,73.1
2019,3,21,10,30,191,863,791,31.91,35.1,791,191,863,19.01,73.1
2019,3,21,11,30,190,964,833,21.85,36.5,833,190,964,19.01,73.1
2019,3,21,12,30,191,984,840,19.21,37,840,191,984,19.01,73.1
2019,3,21,13,30,185,926,827,26.34,36.7,827,185,926,19.01,73.1
2019,3,21,14,30,161,799,811,38.09,36,811,161,799,19.01,73.1
2019,3,21,15,30,142,607,745,51.36,34.7,745,142,607,19.01,73.1
2019,3,21,16,30,113,371,614,65.2,32.8,614,113,371,19.01,73.1
2019,3,21,17,30,66,128,334,79.25,30.1,334,66,128,19.01,73.1
2019,3,21,18,30,0,0,0,93.5,27.4,0,0,0,19.01,73.1
2019,3,21,19,30,0,0,0,107.64,25.8,0,0,0,19.01,73.1
2019,3,21,20,30,0,0,0,121.62,24.6,0,0,0,19.01,73.1
2019,3,21,21,30,0,0,0,135.2,23.8,0,0,0,19.01,73.1
2019,3,21,22,30,0,0,0,147.83,23.2,0,0,0,19.01,73.1
2019,3,21,23,30,0,0,0,157.75,22.8,0,0,0,19.01,73.1
2019,3,22,0,30,0,0,0,160.28,22.2,0,0,0,19.01,73.1
2019,3,22,1,30,0,0,0,153.23,21.5,0,0,0,19.01,73.1
2019,3,22,2,30,0,0,0,141.57,20.7,0,0,0,19.01,73.1
2019,3,22,3,30,0,0,0,128.34,20,0,0,0,19.01,73.1
2019,3,22,4,30,0,0,0,114.51,19.7,0,0,0,19.01,73.1
2019,3,22,5,30,0,0,0,100.42,19.8,0,0,0,19.01,73.1
2019,3,22,6,30,26,33,96,86.05,22,96,26,33,19.01,73.1
2019,3,22,7,30,95,252,509,72.03,25.5,509,95,252,19.01,73.1
2019,3,22,8,30,128,502,706,58.03,29.1,706,128,502,19.01,73.1
2019,3,22,9,30,146,724,808,44.38,32.4,808,146,724,19.01,73.1
2019,3,22,10,30,157,892,863,31.62,34.9,863,157,892,19.01,73.1
2019,3,22,11,30,147,996,912,21.47,36.7,912,147,996,19.01,73.1
2019,3,22,12,30,148,1013,914,18.83,37.6,914,148,1013,19.01,73.1
2019,3,22,13,30,147,954,899,26.1,37.7,899,147,954,19.01,73.1
2019,3,22,14,30,190,795,767,37.95,37.2,767,190,795,19.01,73.1
2019,3,22,15,30,171,597,681,51.26,36.2,681,171,597,19.01,73.1
2019,3,22,16,30,137,361,534,65.13,34.5,534,137,361,19.01,73.1
2019,3,22,17,30,76,122,248,79.19,31.4,248,76,122,19.01,73.1
2019,3,22,18,30,0,0,0,93.44,28.4,0,0,0,19.01,73.1
2019,3,22,19,30,0,0,0,107.57,26.7,0,0,0,19.01,73.1
2019,3,22,20,30,0,0,0,121.53,25.5,0,0,0,19.01,73.1
2019,3,22,21,30,0,0,0,135.08,24.6,0,0,0,19.01,73.1
2019,3,22,22,30,0,0,0,147.64,23.9,0,0,0,19.01,73.1
2019,3,22,23,30,0,0,0,157.44,23.3,0,0,0,19.01,73.1
2019,3,23,0,30,0,0,0,159.88,22.8,0,0,0,19.01,73.1
2019,3,23,1,30,0,0,0,152.89,22.4,0,0,0,19.01,73.1
2019,3,23,2,30,0,0,0,141.29,22.1,0,0,0,19.01,73.1
2019,3,23,3,30,0,0,0,128.1,21.8,0,0,0,19.01,73.1
2019,3,23,4,30,0,0,0,114.29,21.7,0,0,0,19.01,73.1
2019,3,23,5,30,0,0,0,100.22,22,0,0,0,19.01,73.1
2019,3,23,6,30,26,30,48,85.86,24.6,48,26,30,19.01,73.1
2019,3,23,7,30,114,243,415,71.82,29.3,415,114,243,19.01,73.1
2019,3,23,8,30,157,488,622,57.81,34,622,157,488,19.01,73.1
2019,3,23,9,30,180,708,735,44.13,37.4,735,180,708,19.01,73.1
2019,3,23,10,30,191,875,801,31.32,39.5,801,191,875,19.01,73.1
2019,3,23,11,30,227,960,786,21.09,40.8,786,227,960,19.01,73.1
2019,3,23,12,30,227,977,790,18.46,41.4,790,227,977,19.01,73.1
2019,3,23,13,30,223,916,770,25.87,41.2,770,223,916,19.01,73.1
2019,3,23,14,30,213,781,720,37.81,40.5,720,213,781,19.01,73.1
2019,3,23,15,30,191,586,630,51.17,39.2,630,191,586,19.01,73.1
2019,3,23,16,30,155,353,470,65.06,37.1,470,155,353,19.01,73.1
2019,3,23,17,30,82,117,184,79.13,33.9,184,82,117,19.01,73.1
2019,3,23,18,30,0,0,0,93.38,30.9,0,0,0,19.01,73.1
2019,3,23,19,30,0,0,0,107.51,29.1,0,0,0,19.01,73.1
2019,3,23,20,30,0,0,0,121.45,27.8,0,0,0,19.01,73.1
2019,3,23,21,30,0,0,0,134.96,26.9,0,0,0,19.01,73.1
2019,3,23,22,30,0,0,0,147.45,26.2,0,0,0,19.01,73.1
2019,3,23,23,30,0,0,0,157.13,25.7,0,0,0,19.01,73.1
2019,3,24,0,30,0,0,0,159.48,25.4,0,0,0,19.01,73.1
2019,3,24,1,30,0,0,0,152.55,25.1,0,0,0,19.01,73.1
2019,3,24,2,30,0,0,0,141.02,24.7,0,0,0,19.01,73.1
2019,3,24,3,30,0,0,0,127.87,24.3,0,0,0,19.01,73.1
2019,3,24,4,30,0,0,0,114.08,24,0,0,0,19.01,73.1
2019,3,24,5,30,0,0,0,100.01,23.9,0,0,0,19.01,73.1
2019,3,24,6,30,27,30,34,85.67,26.4,34,27,30,19.01,73.1
2019,3,24,7,30,121,243,387,71.62,30.7,387,121,243,19.01,73.1
2019,3,24,8,30,167,488,599,57.6,35.4,599,167,488,19.01,73.1
2019,3,24,9,30,192,707,715,43.89,38.9,715,192,707,19.01,73.1
2019,3,24,10,30,205,872,778,31.02,40.6,778,205,872,19.01,73.1
2019,3,24,11,30,213,968,807,20.71,41.6,807,213,968,19.01,73.1
2019,3,24,12,30,216,987,811,18.09,42.1,811,216,987,19.01,73.1
2019,3,24,13,30,213,923,788,25.65,41.9,788,213,923,19.01,73.1
2019,3,24,14,30,224,778,700,37.67,41.3,700,224,778,19.01,73.1
2019,3,24,15,30,199,584,612,51.08,40.1,612,199,584,19.01,73.1
2019,3,24,16,30,157,351,460,64.99,38,460,157,351,19.01,73.1
2019,3,24,17,30,81,116,184,79.07,34.8,184,81,116,19.01,73.1
2019,3,24,18,30,0,0,0,93.33,31.6,0,0,0,19.01,73.1
2019,3,24,19,30,0,0,0,107.44,29.7,0,0,0,19.01,73.1
2019,3,24,20,30,0,0,0,121.36,28.4,0,0,0,19.01,73.1
2019,3,24,21,30,0,0,0,134.84,27.5,0,0,0,19.01,73.1
2019,3,24,22,30,0,0,0,147.26,27,0,0,0,19.01,73.1
2019,3,24,23,30,0,0,0,156.81,26.6,0,0,0,19.01,73.1
2019,3,25,0,30,0,0,0,159.08,26.2,0,0,0,19.01,73.1
2019,3,25,1,30,0,0,0,152.2,25.7,0,0,0,19.01,73.1
2019,3,25,2,30,0,0,0,140.74,25.2,0,0,0,19.01,73.1
2019,3,25,3,30,0,0,0,127.63,24.7,0,0,0,19.01,73.1
2019,3,25,4,30,0,0,0,113.86,24.4,0,0,0,19.01,73.1
2019,3,25,5,30,0,0,0,99.81,24.3,0,0,0,19.01,73.1
2019,3,25,6,30,28,32,50,85.47,26.6,50,28,32,19.01,73.1
2019,3,25,7,30,117,244,398,71.42,30.8,398,117,244,19.01,73.1
2019,3,25,8,30,165,485,594,57.38,36.1,594,165,485,19.01,73.1
2019,3,25,9,30,194,698,697,43.65,40.2,697,194,698,19.01,73.1
2019,3,25,10,30,214,861,753,30.73,42.2,753,214,861,19.01,73.1
2019,3,25,11,30,230,953,772,20.34,43.3,772,230,953,19.01,73.1
2019,3,25,12,30,232,971,776,17.73,43.6,776,232,971,19.01,73.1
2019,3,25,13,30,227,911,758,25.43,43.4,758,227,911,19.01,73.1
2019,3,25,14,30,383,585,254,37.54,42.5,650,250,765,19.01,73.1
2019,3,25,15,30,219,574,563,51,41.1,563,219,574,19.01,73.1
2019,3,25,16,30,170,345,412,64.93,39,412,170,345,19.01,73.1
2019,3,25,17,30,85,113,149,79.02,36.1,149,85,113,19.01,73.1
2019,3,25,18,30,0,0,0,93.27,33.5,0,0,0,19.01,73.1
2019,3,25,19,30,0,0,0,107.37,31.7,0,0,0,19.01,73.1
2019,3,25,20,30,0,0,0,121.28,30.4,0,0,0,19.01,73.1
2019,3,25,21,30,0,0,0,134.71,29.3,0,0,0,19.01,73.1
2019,3,25,22,30,0,0,0,147.06,28.4,0,0,0,19.01,73.1
2019,3,25,23,30,0,0,0,156.5,27.9,0,0,0,19.01,73.1
2019,3,26,0,30,0,0,0,158.68,27.4,0,0,0,19.01,73.1
2019,3,26,1,30,0,0,0,151.86,26.8,0,0,0,19.01,73.1
2019,3,26,2,30,0,0,0,140.46,26.1,0,0,0,19.01,73.1
2019,3,26,3,30,0,0,0,127.39,25.4,0,0,0,19.01,73.1
2019,3,26,4,30,0,0,0,113.65,25.1,0,0,0,19.01,73.1
2019,3,26,5,30,0,0,0,99.61,25.2,0,0,0,19.01,73.1
2019,3,26,6,30,27,28,14,85.28,27.5,14,27,28,19.01,73.1
2019,3,26,7,30,146,237,284,71.22,31.8,284,146,237,19.01,73.1
2019,3,26,8,30,208,477,496,57.17,36.1,496,208,477,19.01,73.1
2019,3,26,9,30,242,696,626,43.41,39.1,626,242,696,19.01,73.1
2019,3,26,10,30,257,863,703,30.44,41.3,703,257,863,19.01,73.1
2019,3,26,11,30,254,966,758,19.96,42.8,758,254,966,19.01,73.1
2019,3,26,12,30,254,985,766,17.36,43.6,766,254,985,19.01,73.1
2019,3,26,13,30,248,924,747,25.21,43.6,747,248,924,19.01,73.1
2019,3,26,14,30,231,789,704,37.42,42.9,704,231,789,19.01,73.1
2019,3,26,15,30,208,592,608,50.91,41.5,608,208,592,19.01,73.1
2019,3,26,16,30,168,355,440,64.87,39.1,440,168,355,19.01,73.1
2019,3,26,17,30,87,117,153,78.96,35.5,153,87,117,19.01,73.1
2019,3,26,18,30,0,0,0,93.21,32.2,0,0,0,19.01,73.1
2019,3,26,19,30,0,0,0,107.31,30.3,0,0,0,19.01,73.1
2019,3,26,20,30,0,0,0,121.19,29.1,0,0,0,19.01,73.1
2019,3,26,21,30,0,0,0,134.58,28,0,0,0,19.01,73.1
2019,3,26,22,30,0,0,0,146.86,27.1,0,0,0,19.01,73.1
2019,3,26,23,30,0,0,0,156.18,26.3,0,0,0,19.01,73.1
2019,3,27,0,30,0,0,0,158.28,26,0,0,0,19.01,73.1
2019,3,27,1,30,0,0,0,151.51,25.9,0,0,0,19.01,73.1
2019,3,27,2,30,0,0,0,140.18,25.8,0,0,0,19.01,73.1
2019,3,27,3,30,0,0,0,127.15,25.4,0,0,0,19.01,73.1
2019,3,27,4,30,0,0,0,113.43,25.1,0,0,0,19.01,73.1
2019,3,27,5,30,0,0,0,99.4,24.9,0,0,0,19.01,73.1
2019,3,27,6,30,33,36,39,85.08,26.5,39,33,36,19.01,73.1
2019,3,27,7,30,128,252,383,71.02,29.7,383,128,252,19.01,73.1
2019,3,27,8,30,175,498,593,56.95,33.9,593,175,498,19.01,73.1
2019,3,27,9,30,199,717,710,43.17,37.8,710,199,717,19.01,73.1
2019,3,27,10,30,212,884,777,30.15,40.2,777,212,884,19.01,73.1
2019,3,27,11,30,215,985,817,19.59,41.4,817,215,985,19.01,73.1
2019,3,27,12,30,215,1000,821,17,41.5,821,215,1000,19.01,73.1
2019,3,27,13,30,211,938,802,25,41,802,211,938,19.01,73.1
2019,3,27,14,30,221,792,718,37.29,39.9,718,221,792,19.01,73.1
2019,3,27,15,30,196,595,632,50.83,38.2,632,196,595,19.01,73.1
2019,3,27,16,30,155,360,479,64.8,35.8,479,155,360,19.01,73.1
2019,3,27,17,30,83,122,205,78.91,32.6,205,83,122,19.01,73.1
2019,3,27,18,30,0,0,0,93.15,29.6,0,0,0,19.01,73.1
2019,3,27,19,30,0,0,0,107.24,27.8,0,0,0,19.01,73.1
2019,3,27,20,30,0,0,0,121.1,26.9,0,0,0,19.01,73.1
2019,3,27,21,30,0,0,0,134.45,26,0,0,0,19.01,73.1
2019,3,27,22,30,0,0,0,146.66,24.9,0,0,0,19.01,73.1
2019,3,27,23,30,0,0,0,155.86,24.1,0,0,0,19.01,73.1
2019,3,28,0,30,0,0,0,157.88,23.7,0,0,0,19.01,73.1
2019,3,28,1,30,0,0,0,151.17,23.5,0,0,0,19.01,73.1
2019,3,28,2,30,0,0,0,139.9,23.5,0,0,0,19.01,73.1
2019,3,28,3,30,0,0,0,126.91,23.2,0,0,0,19.01,73.1
2019,3,28,4,30,0,0,0,113.22,23.1,0,0,0,19.01,73.1
2019,3,28,5,30,0,0,0,99.2,23,0,0,0,19.01,73.1
2019,3,28,6,30,35,41,65,84.89,25.5,65,35,41,19.01,73.1
2019,3,28,7,30,118,218,304,70.82,29.7,431,121,262,19.01,73.1
2019,3,28,8,30,163,510,633,56.74,34.1,633,163,510,19.01,73.1
2019,3,28,9,30,186,730,743,42.93,38,743,186,730,19.01,73.1
2019,3,28,10,30,199,896,803,29.86,40.6,803,199,896,19.01,73.1
2019,3,28,11,30,227,982,800,19.22,42.2,800,227,982,19.01,73.1
2019,3,28,12,30,227,997,804,16.64,42.9,804,227,997,19.01,73.1
2019,3,28,13,30,221,933,784,24.79,42.7,784,221,933,19.01,73.1
2019,3,28,14,30,231,784,694,37.17,41.8,694,231,784,19.01,73.1
2019,3,28,15,30,206,586,602,50.75,40.2,602,206,586,19.01,73.1
2019,3,28,16,30,165,353,442,64.74,37.6,442,165,353,19.01,73.1
2019,3,28,17,30,85,118,171,78.85,33.8,171,85,118,19.01,73.1
2019,3,28,18,30,0,0,0,93.1,30.5,0,0,0,19.01,73.1
2019,3,28,19,30,0,0,0,107.17,28.5,0,0,0,19.01,73.1
2019,3,28,20,30,0,0,0,121,27.2,0,0,0,19.01,73.1
2019,3,28,21,30,0,0,0,134.32,26.3,0,0,0,19.01,73.1
2019,3,28,22,30,0,0,0,146.46,25.7,0,0,0,19.01,73.1
2019,3,28,23,30,0,0,0,155.54,25.3,0,0,0,19.01,73.1
2019,3,29,0,30,0,0,0,157.48,24.9,0,0,0,19.01,73.1
2019,3,29,1,30,0,0,0,150.82,24.5,0,0,0,19.01,73.1
2019,3,29,2,30,0,0,0,139.61,24.2,0,0,0,19.01,73.1
2019,3,29,3,30,0,0,0,126.67,23.9,0,0,0,19.01,73.1
2019,3,29,4,30,0,0,0,113,23.7,0,0,0,19.01,73.1
2019,3,29,5,30,0,0,0,99,23.4,0,0,0,19.01,73.1
2019,3,29,6,30,35,39,47,84.7,25.1,47,35,39,19.01,73.1
2019,3,29,7,30,129,252,372,70.62,28.8,372,129,252,19.01,73.1
2019,3,29,8,30,175,495,581,56.53,33.6,581,175,495,19.01,73.1
2019,3,29,9,30,200,713,699,42.7,38,699,200,713,19.01,73.1
2019,3,29,10,30,213,876,762,29.58,40.6,762,213,876,19.01,73.1
2019,3,29,11,30,211,975,807,18.85,42,807,211,975,19.01,73.1
2019,3,29,12,30,214,988,807,16.28,42.2,807,214,988,19.01,73.1
2019,3,29,13,30,212,925,784,24.59,41.7,784,212,925,19.01,73.1
2019,3,29,14,30,235,775,677,37.06,40.8,677,235,775,19.01,73.1
2019,3,29,15,30,209,580,585,50.68,39.3,585,209,580,19.01,73.1
2019,3,29,16,30,165,349,430,64.68,37,430,165,349,19.01,73.1
2019,3,29,17,30,85,117,165,78.8,33.7,165,85,117,19.01,73.1
2019,3,29,18,30,0,0,0,93.04,30.6,0,0,0,19.01,73.1
2019,3,29,19,30,0,0,0,107.1,28.8,0,0,0,19.01,73.1
2019,3,29,20,30,0,0,0,120.91,27.5,0,0,0,19.01,73.1
2019,3,29,21,30,0,0,0,134.19,26.6,0,0,0,19.01,73.1
2019,3,29,22,30,0,0,0,146.25,26,0,0,0,19.01,73.1
2019,3,29,23,30,0,0,0,155.21,25.6,0,0,0,19.01,73.1
2019,3,30,0,30,0,0,0,157.08,25.3,0,0,0,19.01,73.1
2019,3,30,1,30,0,0,0,150.47,25.3,0,0,0,19.01,73.1
2019,3,30,2,30,0,0,0,139.33,25.2,0,0,0,19.01,73.1
2019,3,30,3,30,0,0,0,126.42,25,0,0,0,19.01,73.1
2019,3,30,4,30,0,0,0,112.78,24.9,0,0,0,19.01,73.1
2019,3,30,5,30,0,0,0,98.79,24.8,0,0,0,19.01,73.1
2019,3,30,6,30,36,40,45,84.51,26.1,45,36,40,19.01,73.1
2019,3,30,7,30,136,253,349,70.42,29,349,136,253,19.01,73.1
2019,3,30,8,30,188,491,547,56.33,33,547,188,491,19.01,73.1
2019,3,30,9,30,216,704,661,42.47,36.5,661,216,704,19.01,73.1
2019,3,30,10,30,233,863,722,29.3,38.6,722,233,863,19.01,73.1
2019,3,30,11,30,259,946,724,18.48,39.9,724,259,946,19.01,73.1
2019,3,30,12,30,261,959,726,15.92,40.3,726,261,959,19.01,73.1
2019,3,30,13,30,255,896,704,24.39,40,704,255,896,19.01,73.1
2019,3,30,14,30,252,758,634,36.94,39.3,634,252,758,19.01,73.1
2019,3,30,15,30,221,568,547,50.6,38,547,221,568,19.01,73.1
2019,3,30,16,30,171,341,397,64.62,36,397,171,341,19.01,73.1
2019,3,30,17,30,85,114,146,78.74,33.2,146,85,114,19.01,73.1
2019,3,30,18,30,0,0,0,92.98,30.6,0,0,0,19.01,73.1
2019,3,30,19,30,0,0,0,107.03,28.9,0,0,0,19.01,73.1
2019,3,30,20,30,0,0,0,120.82,27.8,0,0,0,19.01,73.1
2019,3,30,21,30,0,0,0,134.05,26.9,0,0,0,19.01,73.1
2019,3,30,22,30,0,0,0,146.04,26.3,0,0,0,19.01,73.1
2019,3,30,23,30,0,0,0,154.89,25.9,0,0,0,19.01,73.1
2019,3,31,0,30,0,0,0,156.69,25.4,0,0,0,19.01,73.1
2019,3,31,1,30,0,0,0,150.12,25,0,0,0,19.01,73.1
2019,3,31,2,30,0,0,0,139.04,24.7,0,0,0,19.01,73.1
2019,3,31,3,30,0,0,0,126.18,24.4,0,0,0,19.01,73.1
2019,3,31,4,30,0,0,0,112.56,24.3,0,0,0,19.01,73.1
2019,3,31,5,30,0,0,0,98.59,24.4,0,0,0,19.01,73.1
2019,3,31,6,30,36,38,30,84.31,25.9,30,36,38,19.01,73.1
2019,3,31,7,30,148,250,300,70.23,28.6,300,148,250,19.01,73.1
2019,3,31,8,30,206,485,501,56.12,31.9,501,206,485,19.01,73.1
2019,3,31,9,30,237,696,621,42.24,35.3,621,237,696,19.01,73.1
2019,3,31,10,30,253,855,689,29.03,37.5,689,253,855,19.01,73.1
2019,3,31,11,30,247,952,742,18.11,38.7,742,247,952,19.01,73.1
2019,3,31,12,30,246,968,750,15.57,39.3,750,246,968,19.01,73.1
2019,3,31,13,30,238,908,734,24.2,39.2,734,238,908,19.01,73.1
2019,3,31,14,30,222,776,692,36.84,38.5,692,222,776,19.01,73.1
2019,3,31,15,30,198,586,610,50.53,37.2,610,198,586,19.01,73.1
2019,3,31,16,30,155,354,463,64.57,35.3,463,155,354,19.01,73.1
2019,3,31,17,30,83,122,201,78.69,32.6,201,83,122,19.01,73.1
2019,3,31,18,30,0,0,0,92.92,30,0,0,0,19.01,73.1
2019,3,31,19,30,0,0,0,106.96,28.2,0,0,0,19.01,73.1
2019,3,31,20,30,0,0,0,120.72,27,0,0,0,19.01,73.1
2019,3,31,21,30,0,0,0,133.91,26.1,0,0,0,19.01,73.1
2019,3,31,22,30,0,0,0,145.83,25.5,0,0,0,19.01,73.1
2019,3,31,23,30,0,0,0,154.57,25,0,0,0,19.01,73.1
2019,4,1,0,30,0,0,0,156.29,24.6,0,0,0,19.01,73.1
2019,4,1,1,30,0,0,0,149.78,24.3,0,0,0,19.01,73.1
2019,4,1,2,30,0,0,0,138.76,23.9,0,0,0,19.01,73.1
2019,4,1,3,30,0,0,0,125.94,23.5,0,0,0,19.01,73.1
2019,4,1,4,30,0,0,0,112.35,23.3,0,0,0,19.01,73.1
2019,4,1,5,30,0,0,0,98.39,23,0,0,0,19.01,73.1
2019,4,1,6,30,41,52,100,84.12,25,100,41,52,19.01,73.1
2019,4,1,7,30,116,275,466,70.03,28.7,466,116,275,19.01,73.1
2019,4,1,8,30,152,520,658,55.92,32.3,658,152,520,19.01,73.1
2019,4,1,9,30,173,738,760,42.02,34.9,760,173,738,19.01,73.1
2019,4,1,10,30,186,900,815,28.76,36.8,815,186,900,19.01,73.1
2019,4,1,11,30,174,1002,869,17.75,38.1,869,174,1002,19.01,73.1
2019,4,1,12,30,177,1019,873,15.22,38.6,873,177,1019,19.01,73.1
2019,4,1,13,30,173,956,857,24.01,38.3,857,173,956,19.01,73.1
2019,4,1,14,30,155,826,838,36.73,37.5,838,155,826,19.01,73.1
2019,4,1,15,30,139,628,768,50.46,36.2,768,139,628,19.01,73.1
2019,4,1,16,30,115,389,637,64.51,34.2,637,115,389,19.01,73.1
2019,4,1,17,30,71,141,355,78.64,31.3,355,71,141,19.01,73.1
2019,4,1,18,30,0,0,0,92.86,28.6,0,0,0,19.01,73.1
2019,4,1,19,30,0,0,0,106.89,26.9,0,0,0,19.01,73.1
2019,4,1,20,30,0,0,0,120.62,25.7,0,0,0,19.01,73.1
2019,4,1,21,30,0,0,0,133.77,25,0,0,0,19.01,73.1
2019,4,1,22,30,0,0,0,145.61,24.7,0,0,0,19.01,73.1
2019,4,1,23,30,0,0,0,154.24,24.4,0,0,0,19.01,73.1
2019,4,2,0,30,0,0,0,155.9,24,0,0,0,19.01,73.1
2019,4,2,1,30,0,0,0,149.43,23.6,0,0,0,19.01,73.1
2019,4,2,2,30,0,0,0,138.47,23.2,0,0,0,19.01,73.1
2019,4,2,3,30,0,0,0,125.7,22.9,0,0,0,19.01,73.1
2019,4,2,4,30,0,0,0,112.13,22.7,0,0,0,19.01,73.1
2019,4,2,5,30,0,0,0,98.19,22.6,0,0,0,19.01,73.1
2019,4,2,6,30,44,59,143,83.93,24.1,143,44,59,19.01,73.1
2019,4,2,7,30,108,288,523,69.84,26.8,523,108,288,19.01,73.1
2019,4,2,8,30,138,535,705,55.72,30.2,705,138,535,19.01,73.1
2019,4,2,9,30,156,753,800,41.79,33.7,800,156,753,19.01,73.1
2019,4,2,10,30,168,916,850,28.49,36.5,850,168,916,19.01,73.1
2019,4,2,11,30,174,1009,875,17.39,38.7,875,174,1009,19.01,73.1
2019,4,2,12,30,175,1024,878,14.87,39.7,878,175,1024,19.01,73.1
2019,4,2,13,30,172,959,860,23.83,39.6,860,172,959,19.01,73.1
2019,4,2,14,30,166,818,812,36.63,38.8,812,166,818,19.01,73.1
2019,4,2,15,30,150,619,736,50.39,37.4,736,150,619,19.01,73.1
2019,4,2,16,30,123,381,598,64.46,35.3,598,123,381,19.01,73.1
2019,4,2,17,30,74,137,322,78.59,32.2,322,74,137,19.01,73.1
2019,4,2,18,30,0,0,0,92.81,29.3,0,0,0,19.01,73.1
2019,4,2,19,30,0,0,0,106.81,27.5,0,0,0,19.01,73.1
2019,4,2,20,30,0,0,0,120.52,26.5,0,0,0,19.01,73.1
2019,4,2,21,30,0,0,0,133.63,26,0,0,0,19.01,73.1
2019,4,2,22,30,0,0,0,145.39,25.6,0,0,0,19.01,73.1
2019,4,2,23,30,0,0,0,153.91,25.1,0,0,0,19.01,73.1
2019,4,3,0,30,0,0,0,155.51,24.7,0,0,0,19.01,73.1
2019,4,3,1,30,0,0,0,149.08,24.3,0,0,0,19.01,73.1
2019,4,3,2,30,0,0,0,138.19,24,0,0,0,19.01,73.1
2019,4,3,3,30,0,0,0,125.45,23.8,0,0,0,19.01,73.1
2019,4,3,4,30,0,0,0,111.91,23.7,0,0,0,19.01,73.1
2019,4,3,5,30,0,0,0,97.99,23.6,0,0,0,19.01,73.1
2019,4,3,6,30,44,58,122,83.74,25.2,122,44,58,19.01,73.1
2019,4,3,7,30,114,281,481,69.65,28.4,481,114,281,19.01,73.1
2019,4,3,8,30,149,525,665,55.52,32.8,665,149,525,19.01,73.1
2019,4,3,9,30,168,742,766,41.58,37.2,766,168,742,19.01,73.1
2019,4,3,10,30,180,905,823,28.22,40,823,180,905,19.01,73.1
2019,4,3,11,30,201,991,826,17.03,41.6,826,201,991,19.01,73.1
2019,4,3,12,30,203,1005,829,14.53,42.3,829,203,1005,19.01,73.1
2019,4,3,13,30,200,938,806,23.66,42,806,200,938,19.01,73.1
2019,4,3,14,30,200,794,740,36.53,41,740,200,794,19.01,73.1
2019,4,3,15,30,180,599,655,50.32,39.4,655,180,599,19.01,73.1
2019,4,3,16,30,145,365,507,64.4,36.9,507,145,365,19.01,73.1
2019,4,3,17,30,81,128,234,78.54,33.6,234,81,128,19.01,73.1
2019,4,3,18,30,0,0,0,92.75,30.6,0,0,0,19.01,73.1
2019,4,3,19,30,0,0,0,106.74,28.8,0,0,0,19.01,73.1
2019,4,3,20,30,0,0,0,120.42,27.7,0,0,0,19.01,73.1
2019,4,3,21,30,0,0,0,133.48,27,0,0,0,19.01,73.1
2019,4,3,22,30,0,0,0,145.18,26.5,0,0,0,19.01,73.1
2019,4,3,23,30,0,0,0,153.59,26.1,0,0,0,19.01,73.1
2019,4,4,0,30,0,0,0,155.12,25.7,0,0,0,19.01,73.1
2019,4,4,1,30,0,0,0,148.73,25.2,0,0,0,19.01,73.1
2019,4,4,2,30,0,0,0,137.9,24.5,0,0,0,19.01,73.1
2019,4,4,3,30,0,0,0,125.21,23.9,0,0,0,19.01,73.1
2019,4,4,4,30,0,0,0,111.7,23.7,0,0,0,19.01,73.1
2019,4,4,5,30,0,0,0,97.79,23.7,0,0,0,19.01,73.1
2019,4,4,6,30,45,55,92,83.56,25.7,92,45,55,19.01,73.1
2019,4,4,7,30,130,278,421,69.46,29.3,421,130,278,19.01,73.1
2019,4,4,8,30,174,519,606,55.32,33.8,606,174,519,19.01,73.1
2019,4,4,9,30,200,732,708,41.36,38,708,200,732,19.01,73.1
2019,4,4,10,30,217,889,760,27.96,40.6,760,217,889,19.01,73.1
2019,4,4,11,30,240,974,766,16.68,41.8,766,240,974,19.01,73.1
2019,4,4,12,30,245,982,760,14.19,42.1,760,245,982,19.01,73.1
2019,4,4,13,30,241,915,734,23.48,41.4,734,241,915,19.01,73.1
2019,4,4,14,30,237,774,667,36.43,40.2,667,237,774,19.01,73.1
2019,4,4,15,30,210,581,581,50.26,38.4,581,210,581,19.01,73.1
2019,4,4,16,30,164,351,432,64.35,35.9,432,164,351,19.01,73.1
2019,4,4,17,30,85,121,181,78.48,32.8,181,85,121,19.01,73.1
2019,4,4,18,30,0,0,0,92.69,30.1,0,0,0,19.01,73.1
2019,4,4,19,30,0,0,0,106.66,28.6,0,0,0,19.01,73.1
2019,4,4,20,30,0,0,0,120.32,27.6,0,0,0,19.01,73.1
2019,4,4,21,30,0,0,0,133.34,26.9,0,0,0,19.01,73.1
2019,4,4,22,30,0,0,0,144.95,26.4,0,0,0,19.01,73.1
2019,4,4,23,30,0,0,0,153.26,25.9,0,0,0,19.01,73.1
2019,4,5,0,30,0,0,0,154.73,25.4,0,0,0,19.01,73.1
2019,4,5,1,30,0,0,0,148.39,25,0,0,0,19.01,73.1
2019,4,5,2,30,0,0,0,137.62,24.7,0,0,0,19.01,73.1
2019,4,5,3,30,0,0,0,124.97,24.5,0,0,0,19.01,73.1
2019,4,5,4,30,0,0,0,111.48,24.4,0,0,0,19.01,73.1
2019,4,5,5,30,0,0,0,97.59,24.7,0,0,0,19.01,73.1
2019,4,5,6,30,44,51,62,83.37,26.2,62,44,51,19.01,73.1
2019,4,5,7,30,146,266,340,69.27,28.7,340,146,266,19.01,73.1
2019,4,5,8,30,201,500,522,55.13,31.7,522,201,500,19.01,73.1
2019,4,5,9,30,235,706,626,41.15,34.8,626,235,706,19.01,73.1
2019,4,5,10,30,251,857,684,27.71,37.4,684,251,857,19.01,73.1
2019,4,5,11,30,223,961,769,16.33,38.9,769,223,961,19.01,73.1
2019,4,5,12,30,225,977,774,13.85,39.2,774,225,977,19.01,73.1
2019,4,5,13,30,220,912,754,23.32,38.6,754,220,912,19.01,73.1
2019,4,5,14,30,241,766,652,36.34,37.5,652,241,766,19.01,73.1
2019,4,5,15,30,210,578,575,50.2,36.2,575,210,578,19.01,73.1
2019,4,5,16,30,162,353,441,64.3,34.4,441,162,353,19.01,73.1
2019,4,5,17,30,83,123,198,78.43,32.2,198,83,123,19.01,73.1
2019,4,5,18,30,0,0,0,92.63,30.1,0,0,0,19.01,73.1
2019,4,5,19,30,0,0,0,106.59,28.7,0,0,0,19.01,73.1
2019,4,5,20,30,0,0,0,120.22,27.6,0,0,0,19.01,73.1
2019,4,5,21,30,0,0,0,133.19,26.8,0,0,0,19.01,73.1
2019,4,5,22,30,0,0,0,144.73,26.2,0,0,0,19.01,73.1
2019,4,5,23,30,0,0,0,152.93,25.8,0,0,0,19.01,73.1
2019,4,6,0,30,0,0,0,154.34,25.5,0,0,0,19.01,73.1
2019,4,6,1,30,0,0,0,148.04,25.3,0,0,0,19.01,73.1
2019,4,6,2,30,0,0,0,137.33,25.1,0,0,0,19.01,73.1
2019,4,6,3,30,0,0,0,124.72,24.9,0,0,0,19.01,73.1
2019,4,6,4,30,0,0,0,111.27,24.8,0,0,0,19.01,73.1
2019,4,6,5,30,0,0,0,97.39,24.8,0,0,0,19.01,73.1
2019,4,6,6,30,48,57,77,83.19,26,77,48,57,19.01,73.1
2019,4,6,7,30,144,274,365,69.09,28.6,365,144,274,19.01,73.1
2019,4,6,8,30,194,511,551,54.94,31.5,551,194,511,19.01,73.1
2019,4,6,9,30,222,720,658,40.94,34.5,658,222,720,19.01,73.1
2019,4,6,10,30,238,876,719,27.46,37.1,719,238,876,19.01,73.1
2019,4,6,11,30,241,964,752,15.98,39,752,241,964,19.01,73.1
2019,4,6,12,30,242,977,757,13.52,40.1,757,242,977,19.01,73.1
2019,4,6,13,30,411,769,389,23.16,40,735,236,912,19.01,73.1
2019,4,6,14,30,220,778,693,36.25,39.1,693,220,778,19.01,73.1
2019,4,6,15,30,193,587,616,50.14,37.7,616,193,587,19.01,73.1
2019,4,6,16,30,151,360,482,64.25,35.9,482,151,360,19.01,73.1
2019,4,6,17,30,82,129,233,78.38,33.3,233,82,129,19.01,73.1
2019,4,6,18,30,0,0,0,92.57,30.8,0,0,0,19.01,73.1
2019,4,6,19,30,0,0,0,106.51,29.1,0,0,0,19.01,73.1
2019,4,6,20,30,0,0,0,120.11,27.9,0,0,0,19.01,73.1
2019,4,6,21,30,0,0,0,133.04,27,0,0,0,19.01,73.1
2019,4,6,22,30,0,0,0,144.51,26.5,0,0,0,19.01,73.1
2019,4,6,23,30,0,0,0,152.6,26.2,0,0,0,19.01,73.1
2019,4,7,0,30,0,0,0,153.96,25.9,0,0,0,19.01,73.1
2019,4,7,1,30,0,0,0,147.7,25.6,0,0,0,19.01,73.1
2019,4,7,2,30,0,0,0,137.05,25.2,0,0,0,19.01,73.1
2019,4,7,3,30,0,0,0,124.48,25,0,0,0,19.01,73.1
2019,4,7,4,30,0,0,0,111.05,24.9,0,0,0,19.01,73.1
2019,4,7,5,30,0,0,0,97.2,24.9,0,0,0,19.01,73.1
2019,4,7,6,30,50,64,120,83,26.5,120,50,64,19.01,73.1
2019,4,7,7,30,125,284,444,68.91,29.4,444,125,284,19.01,73.1
2019,4,7,8,30,165,523,620,54.75,32.3,620,165,523,19.01,73.1
2019,4,7,9,30,189,732,717,40.74,34.9,717,189,732,19.01,73.1
2019,4,7,10,30,203,891,773,27.21,37.3,773,203,891,19.01,73.1
2019,4,7,11,30,177,994,848,15.64,39.1,848,177,994,19.01,73.1
2019,4,7,12,30,178,1007,852,13.19,39.8,852,178,1007,19.01,73.1
2019,4,7,13,30,173,943,837,23,39.6,837,173,943,19.01,73.1
2019,4,7,14,30,197,790,734,36.17,38.7,734,197,790,19.01,73.1
2019,4,7,15,30,173,598,662,50.08,37.5,662,173,598,19.01,73.1
2019,4,7,16,30,137,369,531,64.2,35.7,531,137,369,19.01,73.1
2019,4,7,17,30,78,133,269,78.33,33.1,269,78,133,19.01,73.1
2019,4,7,18,30,0,0,0,92.51,30.5,0,0,0,19.01,73.1
2019,4,7,19,30,0,0,0,106.44,28.7,0,0,0,19.01,73.1
2019,4,7,20,30,0,0,0,120.01,27.6,0,0,0,19.01,73.1
2019,4,7,21,30,0,0,0,132.89,26.8,0,0,0,19.01,73.1
2019,4,7,22,30,0,0,0,144.28,26.3,0,0,0,19.01,73.1
2019,4,7,23,30,0,0,0,152.28,25.8,0,0,0,19.01,73.1
2019,4,8,0,30,0,0,0,153.57,25.4,0,0,0,19.01,73.1
2019,4,8,1,30,0,0,0,147.36,24.9,0,0,0,19.01,73.1
2019,4,8,2,30,0,0,0,136.77,24.5,0,0,0,19.01,73.1
2019,4,8,3,30,0,0,0,124.24,24.1,0,0,0,19.01,73.1
2019,4,8,4,30,0,0,0,110.84,23.9,0,0,0,19.01,73.1
2019,4,8,5,30,0,0,0,97,24.1,0,0,0,19.01,73.1
2019,4,8,6,30,51,67,121,82.82,26.2,121,51,67,19.01,73.1
2019,4,8,7,30,124,291,460,68.73,29.5,460,124,291,19.01,73.1
2019,4,8,8,30,160,531,640,54.57,33.6,640,160,531,19.01,73.1
2019,4,8,9,30,182,741,736,40.54,37.2,736,182,741,19.01,73.1
2019,4,8,10,30,197,898,787,26.97,39.5,787,197,898,19.01,73.1
2019,4,8,11,30,197,990,822,15.3,40.8,822,197,990,19.01,73.1
2019,4,8,12,30,200,1001,822,12.87,41.2,822,200,1001,19.01,73.1
2019,4,8,13,30,197,934,800,22.85,40.9,800,197,934,19.01,73.1
2019,4,8,14,30,177,802,773,36.08,40.1,773,177,802,19.01,73.1
2019,4,8,15,30,157,609,703,50.02,38.7,703,157,609,19.01,73.1
2019,4,8,16,30,126,376,573,64.15,36.7,573,126,376,19.01,73.1
2019,4,8,17,30,74,138,315,78.28,33.9,315,74,138,19.01,73.1
2019,4,8,18,30,0,0,0,92.45,31.2,0,0,0,19.01,73.1
2019,4,8,19,30,0,0,0,106.36,29.4,0,0,0,19.01,73.1
2019,4,8,20,30,0,0,0,119.9,28.1,0,0,0,19.01,73.1
2019,4,8,21,30,0,0,0,132.73,27.2,0,0,0,19.01,73.1
2019,4,8,22,30,0,0,0,144.05,26.6,0,0,0,19.01,73.1
2019,4,8,23,30,0,0,0,151.95,26.3,0,0,0,19.01,73.1
2019,4,9,0,30,0,0,0,153.19,26,0,0,0,19.01,73.1
2019,4,9,1,30,0,0,0,147.02,25.7,0,0,0,19.01,73.1
2019,4,9,2,30,0,0,0,136.48,25.5,0,0,0,19.01,73.1
2019,4,9,3,30,0,0,0,124,25.2,0,0,0,19.01,73.1
2019,4,9,4,30,0,0,0,110.63,25.1,0,0,0,19.01,73.1
2019,4,9,5,30,0,0,0,96.81,25,0,0,0,19.01,73.1
2019,4,9,6,30,51,72,167,82.64,26.7,167,51,72,19.01,73.1
2019,4,9,7,30,114,297,502,68.55,29.8,502,114,297,19.01,73.1
2019,4,9,8,30,146,537,672,54.39,33.2,672,146,537,19.01,73.1
2019,4,9,9,30,167,747,760,40.34,36,760,167,747,19.01,73.1
2019,4,9,10,30,182,902,806,26.73,37.9,806,182,902,19.01,73.1
2019,4,9,11,30,174,998,853,14.96,39.2,853,174,998,19.01,73.1
2019,4,9,12,30,179,1009,851,12.55,39.6,851,179,1009,19.01,73.1
2019,4,9,13,30,178,943,829,22.71,39.3,829,178,943,19.01,73.1
2019,4,9,14,30,173,804,780,36,38.5,780,173,804,19.01,73.1
2019,4,9,15,30,156,610,705,49.96,37.2,705,156,610,19.01,73.1
2019,4,9,16,30,126,375,569,64.1,35.3,569,126,375,19.01,73.1
2019,4,9,17,30,75,138,310,78.23,32.7,310,75,138,19.01,73.1
2019,4,9,18,30,0,0,0,92.39,30.1,0,0,0,19.01,73.1
2019,4,9,19,30,0,0,0,106.28,28.3,0,0,0,19.01,73.1
2019,4,9,20,30,0,0,0,119.79,27.3,0,0,0,19.01,73.1
2019,4,9,21,30,0,0,0,132.58,26.7,0,0,0,19.01,73.1
2019,4,9,22,30,0,0,0,143.82,26.3,0,0,0,19.01,73.1
2019,4,9,23,30,0,0,0,151.62,26,0,0,0,19.01,73.1
2019,4,10,0,30,0,0,0,152.81,25.6,0,0,0,19.01,73.1
2019,4,10,1,30,0,0,0,146.68,25.1,0,0,0,19.01,73.1
2019,4,10,2,30,0,0,0,136.2,24.4,0,0,0,19.01,73.1
2019,4,10,3,30,0,0,0,123.76,23.8,0,0,0,19.01,73.1
2019,4,10,4,30,0,0,0,110.42,23.5,0,0,0,19.01,73.1
2019,4,10,5,30,0,0,0,96.62,23.6,0,0,0,19.01,73.1
2019,4,10,6,30,52,75,174,82.46,25.7,174,52,75,19.01,73.1
2019,4,10,7,30,118,302,499,68.37,28.7,499,118,302,19.01,73.1
2019,4,10,8,30,151,542,669,54.21,32,669,151,542,19.01,73.1
2019,4,10,9,30,167,751,764,40.15,35,764,167,751,19.01,73.1
2019,4,10,10,30,177,908,816,26.5,37.5,816,177,908,19.01,73.1
2019,4,10,11,30,171,1001,858,14.63,39.2,858,171,1001,19.01,73.1
2019,4,10,12,30,173,1013,860,12.24,40.1,860,173,1013,19.01,73.1
2019,4,10,13,30,169,947,843,22.57,40.1,843,169,947,19.01,73.1
2019,4,10,14,30,169,806,787,35.93,39.5,787,169,806,19.01,73.1
2019,4,10,15,30,151,613,716,49.91,38.4,716,151,613,19.01,73.1
2019,4,10,16,30,123,380,589,64.05,36.6,589,123,380,19.01,73.1
2019,4,10,17,30,73,141,333,78.18,33.7,333,73,141,19.01,73.1
2019,4,10,18,30,0,0,0,92.33,30.8,0,0,0,19.01,73.1
2019,4,10,19,30,0,0,0,106.2,28.9,0,0,0,19.01,73.1
2019,4,10,20,30,0,0,0,119.68,27.6,0,0,0,19.01,73.1
2019,4,10,21,30,0,0,0,132.42,26.7,0,0,0,19.01,73.1
2019,4,10,22,30,0,0,0,143.59,26,0,0,0,19.01,73.1
2019,4,10,23,30,0,0,0,151.3,25.5,0,0,0,19.01,73.1
2019,4,11,0,30,0,0,0,152.44,25,0,0,0,19.01,73.1
2019,4,11,1,30,0,0,0,146.34,24.6,0,0,0,19.01,73.1
2019,4,11,2,30,0,0,0,135.92,24.1,0,0,0,19.01,73.1
2019,4,11,3,30,0,0,0,123.52,23.7,0,0,0,19.01,73.1
2019,4,11,4,30,0,0,0,110.21,23.5,0,0,0,19.01,73.1
2019,4,11,5,30,0,0,0,96.43,23.8,0,0,0,19.01,73.1
2019,4,11,6,30,53,78,183,82.28,25.8,183,53,78,19.01,73.1
2019,4,11,7,30,117,305,505,68.2,28.8,505,117,305,19.01,73.1
2019,4,11,8,30,151,544,668,54.03,32.2,668,151,544,19.01,73.1
2019,4,11,9,30,172,751,755,39.96,35.7,755,172,751,19.01,73.1
2019,4,11,10,30,185,906,805,26.27,38.2,805,185,906,19.01,73.1
2019,4,11,11,30,198,989,816,14.31,39.5,816,198,989,19.01,73.1
2019,4,11,12,30,201,999,815,11.93,39.8,815,201,999,19.01,73.1
2019,4,11,13,30,199,931,792,22.43,39.5,792,199,931,19.01,73.1
2019,4,11,14,30,197,789,731,35.86,38.8,731,197,789,19.01,73.1
2019,4,11,15,30,176,598,655,49.86,37.8,655,176,598,19.01,73.1
2019,4,11,16,30,140,369,523,64.01,36.2,523,140,369,19.01,73.1
2019,4,11,17,30,79,135,271,78.13,33.7,271,79,135,19.01,73.1
2019,4,11,18,30,0,0,0,92.27,31.1,0,0,0,19.01,73.1
2019,4,11,19,30,0,0,0,106.12,29.4,0,0,0,19.01,73.1
2019,4,11,20,30,0,0,0,119.57,28.2,0,0,0,19.01,73.1
2019,4,11,21,30,0,0,0,132.26,27.4,0,0,0,19.01,73.1
2019,4,11,22,30,0,0,0,143.36,26.9,0,0,0,19.01,73.1
2019,4,11,23,30,0,0,0,150.97,26.6,0,0,0,19.01,73.1
2019,4,12,0,30,0,0,0,152.06,26.5,0,0,0,19.01,73.1
2019,4,12,1,30,0,0,0,146.01,26.2,0,0,0,19.01,73.1
2019,4,12,2,30,0,0,0,135.64,25.8,0,0,0,19.01,73.1
2019,4,12,3,30,0,0,0,123.29,25.4,0,0,0,19.01,73.1
2019,4,12,4,30,0,0,0,110,25.2,0,0,0,19.01,73.1
2019,4,12,5,30,0,0,0,96.24,25.2,0,0,0,19.01,73.1
2019,4,12,6,30,56,75,142,82.11,26.7,142,56,75,19.01,73.1
2019,4,12,7,30,132,296,440,68.03,29.3,440,132,296,19.01,73.1
2019,4,12,8,30,174,530,603,53.86,32.3,603,174,530,19.01,73.1
2019,4,12,9,30,203,736,694,39.77,35.4,694,203,736,19.01,73.1
2019,4,12,10,30,220,887,743,26.05,37.8,743,220,887,19.01,73.1
2019,4,12,11,30,205,982,801,13.99,39.4,801,205,982,19.01,73.1
2019,4,12,12,30,206,995,806,11.63,40.3,806,206,995,19.01,73.1
2019,4,12,13,30,198,928,789,22.3,40.4,789,198,928,19.01,73.1
2019,4,12,14,30,228,775,674,35.79,39.8,674,228,775,19.01,73.1
2019,4,12,15,30,198,587,602,49.81,38.7,602,198,587,19.01,73.1
2019,4,12,16,30,155,361,469,63.96,37,469,155,361,19.01,73.1
2019,4,12,17,30,85,130,220,78.08,34.4,220,85,130,19.01,73.1
2019,4,12,18,30,0,0,0,92.2,31.7,0,0,0,19.01,73.1
2019,4,12,19,30,0,0,0,106.04,29.9,0,0,0,19.01,73.1
2019,4,12,20,30,0,0,0,119.46,28.6,0,0,0,19.01,73.1
2019,4,12,21,30,0,0,0,132.1,27.6,0,0,0,19.01,73.1
2019,4,12,22,30,0,0,0,143.13,26.9,0,0,0,19.01,73.1
2019,4,12,23,30,0,0,0,150.64,26.3,0,0,0,19.01,73.1
2019,4,13,0,30,0,0,0,151.69,25.7,0,0,0,19.01,73.1
2019,4,13,1,30,0,0,0,145.67,25.3,0,0,0,19.01,73.1
2019,4,13,2,30,0,0,0,135.36,24.9,0,0,0,19.01,73.1
2019,4,13,3,30,0,0,0,123.05,24.5,0,0,0,19.01,73.1
2019,4,13,4,30,0,0,0,109.79,24.4,0,0,0,19.01,73.1
2019,4,13,5,30,0,0,0,96.05,25.1,0,0,0,19.01,73.1
2019,4,13,6,30,34,34,0,81.94,27.8,131,57,75,19.01,73.1
2019,4,13,7,30,136,144,19,67.86,31.8,430,136,298,19.01,73.1
2019,4,13,8,30,195,201,10,53.69,35.8,600,180,535,19.01,73.1
2019,4,13,9,30,351,591,311,39.59,38.9,697,205,742,19.01,73.1
2019,4,13,10,30,216,895,754,25.83,41.2,754,216,895,19.01,73.1
2019,4,13,11,30,267,963,717,13.67,42.7,717,267,963,19.01,73.1
2019,4,13,12,30,271,972,715,11.33,43.4,715,271,972,19.01,73.1
2019,4,13,13,30,267,904,687,22.18,43.3,687,267,904,19.01,73.1
2019,4,13,14,30,302,748,549,35.72,42.5,549,302,748,19.01,73.1
2019,4,13,15,30,267,556,447,49.76,41,447,267,556,19.01,73.1
2019,4,13,16,30,203,332,293,63.92,38.7,293,203,332,19.01,73.1
2019,4,13,17,30,92,109,82,78.03,35.5,82,92,109,19.01,73.1
2019,4,13,18,30,0,0,0,92.14,32.5,0,0,0,19.01,73.1
2019,4,13,19,30,0,0,0,105.95,30.7,0,0,0,19.01,73.1
2019,4,13,20,30,0,0,0,119.34,29.4,0,0,0,19.01,73.1
2019,4,13,21,30,0,0,0,131.94,28.6,0,0,0,19.01,73.1
2019,4,13,22,30,0,0,0,142.89,27.9,0,0,0,19.01,73.1
2019,4,13,23,30,0,0,0,150.32,27.3,0,0,0,19.01,73.1
2019,4,14,0,30,0,0,0,151.32,26.8,0,0,0,19.01,73.1
2019,4,14,1,30,0,0,0,145.34,26.6,0,0,0,19.01,73.1
2019,4,14,2,30,0,0,0,135.08,26.4,0,0,0,19.01,73.1
2019,4,14,3,30,0,0,0,122.82,26.2,0,0,0,19.01,73.1
2019,4,14,4,30,0,0,0,109.59,26.1,0,0,0,19.01,73.1
2019,4,14,5,30,0,0,0,95.86,26,0,0,0,19.01,73.1
2019,4,14,6,30,58,68,73,81.77,27.9,73,58,68,19.01,73.1
2019,4,14,7,30,158,285,336,67.7,31.6,336,158,285,19.01,73.1
2019,4,14,8,30,206,513,516,53.53,35.9,516,206,513,19.01,73.1
2019,4,14,9,30,236,715,620,39.42,39.1,620,236,715,19.01,73.1
2019,4,14,10,30,254,866,679,25.62,40.9,679,254,866,19.01,73.1
2019,4,14,11,30,463,800,347,13.36,42,740,242,962,19.01,73.1
2019,4,14,12,30,246,970,737,11.04,42.3,737,246,970,19.01,73.1
2019,4,14,13,30,244,902,710,22.06,42,710,244,902,19.01,73.1
2019,4,14,14,30,264,753,601,35.65,41,601,264,753,19.01,73.1
2019,4,14,15,30,242,565,498,49.71,39.4,498,242,565,19.01,73.1
2019,4,14,16,30,185,258,167,63.87,37.4,349,189,342,19.01,73.1
2019,4,14,17,30,94,119,124,77.98,35,124,94,119,19.01,73.1
2019,4,14,18,30,0,0,0,92.08,32.7,0,0,0,19.01,73.1
2019,4,14,19,30,0,0,0,105.87,31.2,0,0,0,19.01,73.1
2019,4,14,20,30,0,0,0,119.23,30.3,0,0,0,19.01,73.1
2019,4,14,21,30,0,0,0,131.77,29.6,0,0,0,19.01,73.1
2019,4,14,22,30,0,0,0,142.66,29.1,0,0,0,19.01,73.1
2019,4,14,23,30,0,0,0,150,28.6,0,0,0,19.01,73.1
2019,4,15,0,30,0,0,0,150.96,28.2,0,0,0,19.01,73.1
2019,4,15,1,30,0,0,0,145.01,27.8,0,0,0,19.01,73.1
2019,4,15,2,30,0,0,0,134.81,27.6,0,0,0,19.01,73.1
2019,4,15,3,30,0,0,0,122.58,27.3,0,0,0,19.01,73.1
2019,4,15,4,30,0,0,0,109.38,27.2,0,0,0,19.01,73.1
2019,4,15,5,30,0,0,0,95.68,27.4,0,0,0,19.01,73.1
2019,4,15,6,30,59,67,54,81.6,28.6,54,59,67,19.01,73.1
2019,4,15,7,30,178,278,262,67.53,30.7,262,178,278,19.01,73.1
2019,4,15,8,30,254,501,413,53.37,33.1,413,254,501,19.01,73.1
2019,4,15,9,30,303,695,506,39.24,35,506,303,695,19.01,73.1
2019,4,15,10,30,423,736,347,25.42,36.2,562,333,840,19.01,73.1
2019,4,15,11,30,455,805,359,13.06,36.8,638,312,934,19.01,73.1
2019,4,15,12,30,502,739,241,10.75,36.9,637,316,941,19.01,73.1
2019,4,15,13,30,394,793,430,21.95,36.6,610,313,879,19.01,73.1
2019,4,15,14,30,400,525,154,35.59,36,545,302,745,19.01,73.1
2019,4,15,15,30,256,557,465,49.67,35.3,465,256,557,19.01,73.1
2019,4,15,16,30,193,339,331,63.83,34.2,331,193,339,19.01,73.1
2019,4,15,17,30,93,120,128,77.93,32.6,128,93,120,19.01,73.1
2019,4,15,18,30,0,0,0,92.01,31.1,0,0,0,19.01,73.1
2019,4,15,19,30,0,0,0,105.78,30,0,0,0,19.01,73.1
2019,4,15,20,30,0,0,0,119.11,29.2,0,0,0,19.01,73.1
2019,4,15,21,30,0,0,0,131.61,28.6,0,0,0,19.01,73.1
2019,4,15,22,30,0,0,0,142.42,28.3,0,0,0,19.01,73.1
2019,4,15,23,30,0,0,0,149.68,27.9,0,0,0,19.01,73.1
2019,4,16,0,30,0,0,0,150.6,27.6,0,0,0,19.01,73.1
2019,4,16,1,30,0,0,0,144.68,27.3,0,0,0,19.01,73.1
2019,4,16,2,30,0,0,0,134.54,27.2,0,0,0,19.01,73.1
2019,4,16,3,30,0,0,0,122.35,27,0,0,0,19.01,73.1
2019,4,16,4,30,0,0,0,109.18,26.9,0,0,0,19.01,73.1
2019,4,16,5,30,0,0,0,95.5,27,0,0,0,19.01,73.1
2019,4,16,6,30,60,68,54,81.44,28,54,60,68,19.01,73.1
2019,4,16,7,30,177,284,277,67.37,30.1,277,177,284,19.01,73.1
2019,4,16,8,30,241,509,448,53.21,32.7,448,241,509,19.01,73.1
2019,4,16,9,30,281,707,548,39.08,34.8,548,281,707,19.01,73.1
2019,4,16,10,30,381,414,37,25.22,35.9,602,304,849,19.01,73.1
2019,4,16,11,30,426,864,449,12.76,36.2,659,295,938,19.01,73.1
2019,4,16,12,30,509,701,196,10.47,35.9,667,293,948,19.01,73.1
2019,4,16,13,30,283,886,649,21.84,35.4,649,283,886,19.01,73.1
2019,4,16,14,30,279,751,579,35.53,35,579,279,751,19.01,73.1
2019,4,16,15,30,240,567,505,49.62,34.3,505,240,567,19.01,73.1
2019,4,16,16,30,187,347,362,63.78,33,362,187,347,19.01,73.1
2019,4,16,17,30,93,121,135,77.88,31.2,135,93,121,19.01,73.1
2019,4,16,18,30,0,0,0,91.95,29.7,0,0,0,19.01,73.1
2019,4,16,19,30,0,0,0,105.7,28.6,0,0,0,19.01,73.1
2019,4,16,20,30,0,0,0,118.99,27.8,0,0,0,19.01,73.1
2019,4,16,21,30,0,0,0,131.45,27.2,0,0,0,19.01,73.1
2019,4,16,22,30,0,0,0,142.19,26.6,0,0,0,19.01,73.1
2019,4,16,23,30,0,0,0,149.35,26.2,0,0,0,19.01,73.1
2019,4,17,0,30,0,0,0,150.24,25.7,0,0,0,19.01,73.1
2019,4,17,1,30,0,0,0,144.36,25.3,0,0,0,19.01,73.1
2019,4,17,2,30,0,0,0,134.26,25,0,0,0,19.01,73.1
2019,4,17,3,30,0,0,0,122.12,24.7,0,0,0,19.01,73.1
2019,4,17,4,30,0,0,0,108.98,24.7,0,0,0,19.01,73.1
2019,4,17,5,30,0,0,0,95.32,25.1,0,0,0,19.01,73.1
2019,4,17,6,30,65,82,106,81.27,26.9,106,65,82,19.01,73.1
2019,4,17,7,30,144,306,420,67.22,29.1,420,144,306,19.01,73.1
2019,4,17,8,30,175,543,612,53.05,31.4,612,175,543,19.01,73.1
2019,4,17,9,30,191,755,724,38.91,33.7,724,191,755,19.01,73.1
2019,4,17,10,30,199,914,788,25.02,35.6,788,199,914,19.01,73.1
2019,4,17,11,30,193,1009,836,12.46,36.7,836,193,1009,19.01,73.1
2019,4,17,12,30,189,1023,847,10.2,37.2,847,189,1023,19.01,73.1
2019,4,17,13,30,180,963,842,21.73,37.1,842,180,963,19.01,73.1
2019,4,17,14,30,166,830,815,35.48,36.5,815,166,830,19.01,73.1
2019,4,17,15,30,152,635,745,49.58,35.3,745,152,635,19.01,73.1
2019,4,17,16,30,129,395,601,63.74,33.6,601,129,395,19.01,73.1
2019,4,17,17,30,82,148,314,77.83,30.9,314,82,148,19.01,73.1
2019,4,17,18,30,0,0,0,91.89,28.1,0,0,0,19.01,73.1
2019,4,17,19,30,0,0,0,105.61,26.4,0,0,0,19.01,73.1
2019,4,17,20,30,0,0,0,118.88,25.3,0,0,0,19.01,73.1
2019,4,17,21,30,0,0,0,131.28,24.3,0,0,0,19.01,73.1
2019,4,17,22,30,0,0,0,141.95,23.6,0,0,0,19.01,73.1
2019,4,17,23,30,0,0,0,149.04,23.1,0,0,0,19.01,73.1
2019,4,18,0,30,0,0,0,149.88,22.6,0,0,0,19.01,73.1
2019,4,18,1,30,0,0,0,144.04,22.2,0,0,0,19.01,73.1
2019,4,18,2,30,0,0,0,134,21.9,0,0,0,19.01,73.1
2019,4,18,3,30,0,0,0,121.9,21.7,0,0,0,19.01,73.1
2019,4,18,4,30,0,0,0,108.79,21.6,0,0,0,19.01,73.1
2019,4,18,5,30,0,0,0,95.15,22.4,0,0,0,19.01,73.1
2019,4,18,6,30,62,93,202,81.11,25,202,62,93,19.01,73.1
2019,4,18,7,30,121,325,523,67.06,28.1,523,121,325,19.01,73.1
2019,4,18,8,30,151,565,687,52.9,30.8,687,151,565,19.01,73.1
2019,4,18,9,30,168,775,778,38.75,33.4,778,168,775,19.01,73.1
2019,4,18,10,30,176,932,833,24.84,35.5,833,176,932,19.01,73.1
2019,4,18,11,30,181,1018,857,12.18,37.1,857,181,1018,19.01,73.1
2019,4,18,12,30,181,1024,856,9.93,38,856,181,1024,19.01,73.1
2019,4,18,13,30,179,956,836,21.64,38.1,836,179,956,19.01,73.1
2019,4,18,14,30,177,812,779,35.42,37.6,779,177,812,19.01,73.1
2019,4,18,15,30,162,613,694,49.54,36.3,694,162,613,19.01,73.1
2019,4,18,16,30,135,378,549,63.7,34.4,549,135,378,19.01,73.1
2019,4,18,17,30,82,141,277,77.78,31.9,277,82,141,19.01,73.1
2019,4,18,18,30,0,0,0,91.82,29.7,0,0,0,19.01,73.1
2019,4,18,19,30,0,0,0,105.52,28.3,0,0,0,19.01,73.1
2019,4,18,20,30,0,0,0,118.76,27.3,0,0,0,19.01,73.1
2019,4,18,21,30,0,0,0,131.11,26.5,0,0,0,19.01,73.1
2019,4,18,22,30,0,0,0,141.71,25.9,0,0,0,19.01,73.1
2019,4,18,23,30,0,0,0,148.72,25.4,0,0,0,19.01,73.1
2019,4,19,0,30,0,0,0,149.53,25.1,0,0,0,19.01,73.1
2019,4,19,1,30,0,0,0,143.72,24.8,0,0,0,19.01,73.1
2019,4,19,2,30,0,0,0,133.73,24.5,0,0,0,19.01,73.1
2019,4,19,3,30,0,0,0,121.67,24.1,0,0,0,19.01,73.1
2019,4,19,4,30,0,0,0,108.59,23.9,0,0,0,19.01,73.1
2019,4,19,5,30,0,0,0,94.97,24.2,0,0,0,19.01,73.1
2019,4,19,6,30,63,93,187,80.95,26.4,187,63,93,19.01,73.1
2019,4,19,7,30,127,322,498,66.91,29.6,498,127,322,19.01,73.1
2019,4,19,8,30,157,563,671,52.75,32.9,671,157,563,19.01,73.1
2019,4,19,9,30,173,772,767,38.6,35.6,767,173,772,19.01,73.1
2019,4,19,10,30,178,928,826,24.66,37.5,826,178,928,19.01,73.1
2019,4,19,11,30,169,1020,870,11.9,38.8,870,169,1020,19.01,73.1
2019,4,19,12,30,167,1030,876,9.68,39.4,876,167,1030,19.01,73.1
2019,4,19,13,30,163,966,864,21.54,39.2,864,163,966,19.01,73.1
2019,4,19,14,30,155,827,824,35.37,38.6,824,155,827,19.01,73.1
2019,4,19,15,30,138,633,762,49.49,37.4,762,138,633,19.01,73.1
2019,4,19,16,30,112,398,644,63.66,35.8,644,112,398,19.01,73.1
2019,4,19,17,30,71,155,398,77.73,33.4,398,71,155,19.01,73.1
2019,4,19,18,30,0,0,0,91.75,30.8,0,0,0,19.01,73.1
2019,4,19,19,30,0,0,0,105.44,29,0,0,0,19.01,73.1
2019,4,19,20,30,0,0,0,118.64,27.7,0,0,0,19.01,73.1
2019,4,19,21,30,0,0,0,130.94,26.7,0,0,0,19.01,73.1
2019,4,19,22,30,0,0,0,141.48,26,0,0,0,19.01,73.1
2019,4,19,23,30,0,0,0,148.4,25.4,0,0,0,19.01,73.1
2019,4,20,0,30,0,0,0,149.17,24.7,0,0,0,19.01,73.1
2019,4,20,1,30,0,0,0,143.4,24.4,0,0,0,19.01,73.1
2019,4,20,2,30,0,0,0,133.46,24.4,0,0,0,19.01,73.1
2019,4,20,3,30,0,0,0,121.45,24.1,0,0,0,19.01,73.1
2019,4,20,4,30,0,0,0,108.4,23.9,0,0,0,19.01,73.1
2019,4,20,5,30,0,0,0,94.8,23.8,0,0,0,19.01,73.1
2019,4,20,6,30,57,105,299,80.8,26.2,299,57,105,19.01,73.1
2019,4,20,7,30,102,344,614,66.77,30.3,614,102,344,19.01,73.1
2019,4,20,8,30,124,588,763,52.61,33.9,763,124,588,19.01,73.1
2019,4,20,9,30,139,795,837,38.45,36.2,837,139,795,19.01,73.1
2019,4,20,10,30,149,946,876,24.48,37.9,876,149,946,19.01,73.1
2019,4,20,11,30,169,1021,869,11.63,38.8,869,169,1021,19.01,73.1
2019,4,20,12,30,171,1024,865,9.43,39.1,865,171,1024,19.01,73.1
2019,4,20,13,30,169,955,844,21.45,38.7,844,169,955,19.01,73.1
2019,4,20,14,30,154,818,814,35.32,38,814,154,818,19.01,73.1
2019,4,20,15,30,138,623,746,49.45,36.9,746,138,623,19.01,73.1
2019,4,20,16,30,112,391,628,63.61,35.3,628,112,391,19.01,73.1
2019,4,20,17,30,69,151,384,77.68,33.1,384,69,151,19.01,73.1
2019,4,20,18,30,0,0,0,91.69,30.9,0,0,0,19.01,73.1
2019,4,20,19,30,0,0,0,105.35,29.3,0,0,0,19.01,73.1
2019,4,20,20,30,0,0,0,118.51,28.1,0,0,0,19.01,73.1
2019,4,20,21,30,0,0,0,130.77,27.1,0,0,0,19.01,73.1
2019,4,20,22,30,0,0,0,141.24,26.3,0,0,0,19.01,73.1
2019,4,20,23,30,0,0,0,148.09,25.7,0,0,0,19.01,73.1
2019,4,21,0,30,0,0,0,148.83,25.1,0,0,0,19.01,73.1
2019,4,21,1,30,0,0,0,143.09,24.7,0,0,0,19.01,73.1
2019,4,21,2,30,0,0,0,133.2,24.5,0,0,0,19.01,73.1
2019,4,21,3,30,0,0,0,121.23,24.4,0,0,0,19.01,73.1
2019,4,21,4,30,0,0,0,108.21,24.4,0,0,0,19.01,73.1
2019,4,21,5,30,0,0,0,94.63,24.9,0,0,0,19.01,73.1
2019,4,21,6,30,60,102,257,80.65,27.1,257,60,102,19.01,73.1
2019,4,21,7,30,109,336,572,66.63,30.6,572,109,336,19.01,73.1
2019,4,21,8,30,136,576,722,52.47,33.7,722,136,576,19.01,73.1
2019,4,21,9,30,151,782,804,38.31,36.1,804,151,782,19.01,73.1
2019,4,21,10,30,161,932,846,24.31,37.9,846,161,932,19.01,73.1
2019,4,21,11,30,143,1026,901,11.37,39,901,143,1026,19.01,73.1
2019,4,21,12,30,143,1033,902,9.18,39.4,902,143,1033,19.01,73.1
2019,4,21,13,30,139,965,887,21.37,39.2,887,139,965,19.01,73.1
2019,4,21,14,30,148,822,826,35.27,38.5,826,148,822,19.01,73.1
2019,4,21,15,30,132,628,762,49.41,37.5,762,132,628,19.01,73.1
2019,4,21,16,30,108,395,645,63.57,35.9,645,108,395,19.01,73.1
2019,4,21,17,30,69,154,400,77.62,33.5,400,69,154,19.01,73.1
2019,4,21,18,30,0,0,0,91.62,31,0,0,0,19.01,73.1
2019,4,21,19,30,0,0,0,105.26,29.2,0,0,0,19.01,73.1
2019,4,21,20,30,0,0,0,118.39,28,0,0,0,19.01,73.1
2019,4,21,21,30,0,0,0,130.6,27.1,0,0,0,19.01,73.1
2019,4,21,22,30,0,0,0,141,26.4,0,0,0,19.01,73.1
2019,4,21,23,30,0,0,0,147.78,25.6,0,0,0,19.01,73.1
2019,4,22,0,30,0,0,0,148.48,24.9,0,0,0,19.01,73.1
2019,4,22,1,30,0,0,0,142.78,24.4,0,0,0,19.01,73.1
2019,4,22,2,30,0,0,0,132.94,23.9,0,0,0,19.01,73.1
2019,4,22,3,30,0,0,0,121.01,23.4,0,0,0,19.01,73.1
2019,4,22,4,30,0,0,0,108.02,23.2,0,0,0,19.01,73.1
2019,4,22,5,30,0,0,0,94.47,23.5,0,0,0,19.01,73.1
2019,4,22,6,30,59,108,296,80.5,26.1,296,59,108,19.01,73.1
2019,4,22,7,30,103,347,613,66.49,30.4,613,103,347,19.01,73.1
2019,4,22,8,30,125,590,761,52.34,34.3,761,125,590,19.01,73.1
2019,4,22,9,30,139,798,838,38.17,36.7,838,139,798,19.01,73.1
2019,4,22,10,30,148,951,880,24.15,38.4,880,148,951,19.01,73.1
2019,4,22,11,30,161,1031,887,11.11,39.3,887,161,1031,19.01,73.1
2019,4,22,12,30,161,1039,889,8.95,39.6,889,161,1039,19.01,73.1
2019,4,22,13,30,157,971,874,21.29,39.4,874,157,971,19.01,73.1
2019,4,22,14,30,154,829,826,35.22,38.6,826,154,829,19.01,73.1
2019,4,22,15,30,137,632,761,49.37,37.6,761,137,632,19.01,73.1
2019,4,22,16,30,112,399,644,63.53,36,644,112,399,19.01,73.1
2019,4,22,17,30,70,156,397,77.57,33.5,397,70,156,19.01,73.1
2019,4,22,18,30,0,0,0,91.55,30.8,0,0,0,19.01,73.1
2019,4,22,19,30,0,0,0,105.16,29,0,0,0,19.01,73.1
2019,4,22,20,30,0,0,0,118.27,27.7,0,0,0,19.01,73.1
2019,4,22,21,30,0,0,0,130.43,26.8,0,0,0,19.01,73.1
2019,4,22,22,30,0,0,0,140.77,26,0,0,0,19.01,73.1
2019,4,22,23,30,0,0,0,147.47,25.4,0,0,0,19.01,73.1
2019,4,23,0,30,0,0,0,148.14,24.9,0,0,0,19.01,73.1
2019,4,23,1,30,0,0,0,142.47,24.5,0,0,0,19.01,73.1
2019,4,23,2,30,0,0,0,132.69,24.2,0,0,0,19.01,73.1
2019,4,23,3,30,0,0,0,120.79,23.9,0,0,0,19.01,73.1
2019,4,23,4,30,0,0,0,107.84,23.7,0,0,0,19.01,73.1
2019,4,23,5,30,0,0,0,94.3,24.3,0,0,0,19.01,73.1
2019,4,23,6,30,62,105,256,80.35,26.6,256,62,105,19.01,73.1
2019,4,23,7,30,114,337,555,66.35,30,555,114,337,19.01,73.1
2019,4,23,8,30,142,573,704,52.21,33.7,704,142,573,19.01,73.1
2019,4,23,9,30,160,777,783,38.03,36.9,783,160,777,19.01,73.1
2019,4,23,10,30,172,926,825,23.99,39.2,825,172,926,19.01,73.1
2019,4,23,11,30,153,1019,882,10.86,40.6,882,153,1019,19.01,73.1
2019,4,23,12,30,157,1026,878,8.72,41,878,157,1026,19.01,73.1
2019,4,23,13,30,157,954,855,21.21,40.5,855,157,954,19.01,73.1
2019,4,23,14,30,197,794,731,35.18,39.4,731,197,794,19.01,73.1
2019,4,23,15,30,182,600,642,49.34,37.8,642,182,600,19.01,73.1
2019,4,23,16,30,151,369,490,63.49,35.6,490,151,369,19.01,73.1
2019,4,23,17,30,89,139,231,77.52,32.8,231,89,139,19.01,73.1
2019,4,23,18,30,0,0,0,91.48,30.5,0,0,0,19.01,73.1
2019,4,23,19,30,0,0,0,105.07,29.1,0,0,0,19.01,73.1
2019,4,23,20,30,0,0,0,118.14,28.2,0,0,0,19.01,73.1
2019,4,23,21,30,0,0,0,130.26,27.5,0,0,0,19.01,73.1
2019,4,23,22,30,0,0,0,140.53,27,0,0,0,19.01,73.1
2019,4,23,23,30,0,0,0,147.16,26.7,0,0,0,19.01,73.1
2019,4,24,0,30,0,0,0,147.81,26.4,0,0,0,19.01,73.1
2019,4,24,1,30,0,0,0,142.17,26,0,0,0,19.01,73.1
2019,4,24,2,30,0,0,0,132.43,25.5,0,0,0,19.01,73.1
2019,4,24,3,30,0,0,0,120.58,25.1,0,0,0,19.01,73.1
2019,4,24,4,30,0,0,0,107.65,24.8,0,0,0,19.01,73.1
2019,4,24,5,30,0,0,0,94.14,25.3,0,0,0,19.01,73.1
2019,4,24,6,30,70,99,172,80.21,27.3,172,70,99,19.01,73.1
2019,4,24,7,30,137,325,467,66.22,30.1,467,137,325,19.01,73.1
2019,4,24,8,30,166,558,638,52.08,33.3,638,166,558,19.01,73.1
2019,4,24,9,30,184,761,732,37.91,36.5,732,184,761,19.01,73.1
2019,4,24,10,30,194,912,785,23.84,39.3,785,194,912,19.01,73.1
2019,4,24,11,30,225,984,772,10.62,41.1,772,225,984,19.01,73.1
2019,4,24,12,30,223,992,777,8.5,41.9,777,223,992,19.01,73.1
2019,4,24,13,30,218,922,755,21.14,41.8,755,218,922,19.01,73.1
2019,4,24,14,30,216,779,688,35.14,40.9,688,216,779,19.01,73.1
2019,4,24,15,30,198,585,593,49.3,39.2,593,198,585,19.01,73.1
2019,4,24,16,30,163,360,440,63.44,36.7,440,163,360,19.01,73.1
2019,4,24,17,30,92,134,192,77.47,33.5,192,92,134,19.01,73.1
2019,4,24,18,30,0,0,0,91.41,30.8,0,0,0,19.01,73.1
2019,4,24,19,30,0,0,0,104.98,29.4,0,0,0,19.01,73.1
2019,4,24,20,30,0,0,0,118.01,28.7,0,0,0,19.01,73.1
2019,4,24,21,30,0,0,0,130.09,28.2,0,0,0,19.01,73.1
2019,4,24,22,30,0,0,0,140.29,27.6,0,0,0,19.01,73.1
2019,4,24,23,30,0,0,0,146.85,27.2,0,0,0,19.01,73.1
2019,4,25,0,30,0,0,0,147.48,26.9,0,0,0,19.01,73.1
2019,4,25,1,30,0,0,0,141.87,26.6,0,0,0,19.01,73.1
2019,4,25,2,30,0,0,0,132.18,26.2,0,0,0,19.01,73.1
2019,4,25,3,30,0,0,0,120.37,25.8,0,0,0,19.01,73.1
2019,4,25,4,30,0,0,0,107.48,25.5,0,0,0,19.01,73.1
2019,4,25,5,30,0,0,0,93.99,25.8,0,0,0,19.01,73.1
2019,4,25,6,30,58,60,10,80.07,27.7,176,70,101,19.01,73.1
2019,4,25,7,30,137,325,465,66.09,30.6,465,137,325,19.01,73.1
2019,4,25,8,30,172,556,623,51.96,33.8,623,172,556,19.01,73.1
2019,4,25,9,30,194,754,709,37.78,36.9,709,194,754,19.01,73.1
2019,4,25,10,30,208,901,757,23.7,39.5,757,208,901,19.01,73.1
2019,4,25,11,30,227,978,764,10.39,41.3,764,227,978,19.01,73.1
2019,4,25,12,30,231,984,761,8.29,42.2,761,231,984,19.01,73.1
2019,4,25,13,30,228,915,736,21.07,42.2,736,228,915,19.01,73.1
2019,4,25,14,30,254,762,622,35.1,41.4,622,254,762,19.01,73.1
2019,4,25,15,30,229,572,524,49.26,40,524,229,572,19.01,73.1
2019,4,25,16,30,184,349,369,63.4,37.8,369,184,349,19.01,73.1
2019,4,25,17,30,97,126,135,77.41,34.9,135,97,126,19.01,73.1
2019,4,25,18,30,0,0,0,91.34,32.2,0,0,0,19.01,73.1
2019,4,25,19,30,0,0,0,104.88,30.6,0,0,0,19.01,73.1
2019,4,25,20,30,0,0,0,117.89,29.8,0,0,0,19.01,73.1
2019,4,25,21,30,0,0,0,129.91,29,0,0,0,19.01,73.1
2019,4,25,22,30,0,0,0,140.06,28.4,0,0,0,19.01,73.1
2019,4,25,23,30,0,0,0,146.55,27.9,0,0,0,19.01,73.1
2019,4,26,0,30,0,0,0,147.15,27.4,0,0,0,19.01,73.1
2019,4,26,1,30,0,0,0,141.58,26.8,0,0,0,19.01,73.1
2019,4,26,2,30,0,0,0,131.93,26.3,0,0,0,19.01,73.1
2019,4,26,3,30,0,0,0,120.17,26,0,0,0,19.01,73.1
2019,4,26,4,30,0,0,0,107.3,25.8,0,0,0,19.01,73.1
2019,4,26,5,30,0,0,0,93.83,26.3,0,0,0,19.01,73.1
2019,4,26,6,30,72,100,160,79.93,28.5,160,72,100,19.01,73.1
2019,4,26,7,30,146,321,431,65.96,31.8,431,146,321,19.01,73.1
2019,4,26,8,30,187,549,586,51.84,35.7,586,187,549,19.01,73.1
2019,4,26,9,30,211,747,677,37.66,39.4,677,211,747,19.01,73.1
2019,4,26,10,30,225,893,729,23.57,42,729,225,893,19.01,73.1
2019,4,26,11,30,235,972,749,10.17,43.2,749,235,972,19.01,73.1
2019,4,26,12,30,236,979,750,8.09,43.4,750,236,979,19.01,73.1
2019,4,26,13,30,233,909,725,21.01,43,725,233,909,19.01,73.1
2019,4,26,14,30,248,762,628,35.06,42,628,248,762,19.01,73.1
2019,4,26,15,30,225,572,531,49.22,40.8,531,225,572,19.01,73.1
2019,4,26,16,30,180,350,379,63.36,38.9,379,180,350,19.01,73.1
2019,4,26,17,30,96,129,151,77.36,36.1,151,96,129,19.01,73.1
2019,4,26,18,30,0,0,0,91.27,33.4,0,0,0,19.01,73.1
2019,4,26,19,30,0,0,0,104.79,31.5,0,0,0,19.01,73.1
2019,4,26,20,30,0,0,0,117.76,30.2,0,0,0,19.01,73.1
2019,4,26,21,30,0,0,0,129.74,29.4,0,0,0,19.01,73.1
2019,4,26,22,30,0,0,0,139.82,28.7,0,0,0,19.01,73.1
2019,4,26,23,30,0,0,0,146.25,28.1,0,0,0,19.01,73.1
2019,4,27,0,30,0,0,0,146.82,27.7,0,0,0,19.01,73.1
2019,4,27,1,30,0,0,0,141.28,27.3,0,0,0,19.01,73.1
2019,4,27,2,30,0,0,0,131.69,27,0,0,0,19.01,73.1
2019,4,27,3,30,0,0,0,119.96,26.8,0,0,0,19.01,73.1
2019,4,27,4,30,0,0,0,107.13,26.7,0,0,0,19.01,73.1
2019,4,27,5,30,0,0,0,93.68,27.1,0,0,0,19.01,73.1
2019,4,27,6,30,74,93,111,79.8,29.1,111,74,93,19.01,73.1
2019,4,27,7,30,164,310,359,65.84,33.1,359,164,310,19.01,73.1
2019,4,27,8,30,215,535,517,51.72,38.3,517,215,535,19.01,73.1
2019,4,27,9,30,247,731,611,37.55,42.4,611,247,731,19.01,73.1
2019,4,27,10,30,456,677,241,23.44,44.5,662,270,878,19.01,73.1
2019,4,27,11,30,328,939,621,9.96,45.3,621,328,939,19.01,73.1
2019,4,27,12,30,327,945,624,7.9,45.1,624,327,945,19.01,73.1
2019,4,27,13,30,319,877,598,20.95,44.4,598,319,877,19.01,73.1
2019,4,27,14,30,315,739,518,35.02,43.5,518,315,739,19.01,73.1
2019,4,27,15,30,272,555,434,49.19,42.4,434,272,555,19.01,73.1
2019,4,27,16,30,206,340,297,63.31,40.7,297,206,340,19.01,73.1
2019,4,27,17,30,100,121,97,77.3,37.9,97,100,121,19.01,73.1
2019,4,27,18,30,0,0,0,91.2,34.8,0,0,0,19.01,73.1
2019,4,27,19,30,0,0,0,104.69,32.6,0,0,0,19.01,73.1
2019,4,27,20,30,0,0,0,117.63,31.2,0,0,0,19.01,73.1
2019,4,27,21,30,0,0,0,129.56,30.4,0,0,0,19.01,73.1
2019,4,27,22,30,0,0,0,139.58,29.8,0,0,0,19.01,73.1
2019,4,27,23,30,0,0,0,145.95,29.4,0,0,0,19.01,73.1
2019,4,28,0,30,0,0,0,146.5,29,0,0,0,19.01,73.1
2019,4,28,1,30,0,0,0,140.99,28.7,0,0,0,19.01,73.1
2019,4,28,2,30,0,0,0,131.45,28.2,0,0,0,19.01,73.1
2019,4,28,3,30,0,0,0,119.76,27.8,0,0,0,19.01,73.1
2019,4,28,4,30,0,0,0,106.96,27.7,0,0,0,19.01,73.1
2019,4,28,5,30,0,0,0,93.54,28.2,0,0,0,19.01,73.1
2019,4,28,6,30,31,31,0,79.67,30.1,109,76,96,19.01,73.1
2019,4,28,7,30,169,222,129,65.72,33.6,367,164,315,19.01,73.1
2019,4,28,8,30,213,542,529,51.61,38.2,529,213,542,19.01,73.1
2019,4,28,9,30,295,678,483,37.44,41.9,623,248,742,19.01,73.1
2019,4,28,10,30,375,820,485,23.31,43.7,671,271,887,19.01,73.1
2019,4,28,11,30,434,887,460,9.76,44.3,671,298,960,19.01,73.1
2019,4,28,12,30,454,821,370,7.72,44.3,666,302,963,19.01,73.1
2019,4,28,13,30,290,897,650,20.89,43.9,650,290,897,19.01,73.1
2019,4,28,14,30,287,760,577,34.98,43.1,577,287,760,19.01,73.1
2019,4,28,15,30,251,573,492,49.15,41.8,492,251,573,19.01,73.1
2019,4,28,16,30,193,349,347,63.27,39.8,347,193,349,19.01,73.1
2019,4,28,17,30,99,126,124,77.25,36.7,124,99,126,19.01,73.1
2019,4,28,18,30,0,0,0,91.12,33.5,0,0,0,19.01,73.1
2019,4,28,19,30,0,0,0,104.6,31.2,0,0,0,19.01,73.1
2019,4,28,20,30,0,0,0,117.5,29.8,0,0,0,19.01,73.1
2019,4,28,21,30,0,0,0,129.39,28.9,0,0,0,19.01,73.1
2019,4,28,22,30,0,0,0,139.35,28.5,0,0,0,19.01,73.1
2019,4,28,23,30,0,0,0,145.65,28.2,0,0,0,19.01,73.1
2019,4,29,0,30,0,0,0,146.19,27.9,0,0,0,19.01,73.1
2019,4,29,1,30,0,0,0,140.71,27.5,0,0,0,19.01,73.1
2019,4,29,2,30,0,0,0,131.21,27.1,0,0,0,19.01,73.1
2019,4,29,3,30,0,0,0,119.56,26.8,0,0,0,19.01,73.1
2019,4,29,4,30,0,0,0,106.79,26.7,0,0,0,19.01,73.1
2019,4,29,5,30,0,0,0,93.39,27,0,0,0,19.01,73.1
2019,4,29,6,30,44,44,0,79.55,28.9,109,79,98,19.01,73.1
2019,4,29,7,30,160,179,46,65.61,31.9,358,169,317,19.01,73.1
2019,4,29,8,30,219,542,519,51.51,34.8,519,219,542,19.01,73.1
2019,4,29,9,30,366,602,297,37.33,37,616,248,738,19.01,73.1
2019,4,29,10,30,263,881,672,23.2,38.8,672,263,881,19.01,73.1
2019,4,29,11,30,293,952,669,9.57,39.9,669,293,952,19.01,73.1
2019,4,29,12,30,437,904,471,7.55,40.2,671,292,957,19.01,73.1
2019,4,29,13,30,391,817,455,20.84,39.9,650,284,891,19.01,73.1
2019,4,29,14,30,377,634,314,34.94,39.3,586,274,755,19.01,73.1
2019,4,29,15,30,289,465,268,49.11,38.4,500,242,569,19.01,73.1
2019,4,29,16,30,172,312,311,63.23,37.1,361,188,350,19.01,73.1
2019,4,29,17,30,52,52,0,77.19,35,149,98,131,19.01,73.1
2019,4,29,18,30,0,0,0,91.05,32.8,0,0,0,19.01,73.1
2019,4,29,19,30,0,0,0,104.5,31.1,0,0,0,19.01,73.1
2019,4,29,20,30,0,0,0,117.37,29.8,0,0,0,19.01,73.1
2019,4,29,21,30,0,0,0,129.22,28.9,0,0,0,19.01,73.1
2019,4,29,22,30,0,0,0,139.12,28.2,0,0,0,19.01,73.1
2019,4,29,23,30,0,0,0,145.36,27.9,0,0,0,19.01,73.1
2019,4,30,0,30,0,0,0,145.87,27.4,0,0,0,19.01,73.1
2019,4,30,1,30,0,0,0,140.43,26.9,0,0,0,19.01,73.1
2019,4,30,2,30,0,0,0,130.98,26.3,0,0,0,19.01,73.1
2019,4,30,3,30,0,0,0,119.37,25.7,0,0,0,19.01,73.1
2019,4,30,4,30,0,0,0,106.63,25.4,0,0,0,19.01,73.1
2019,4,30,5,30,0,0,0,93.25,25.8,0,0,0,19.01,73.1
2019,4,30,6,30,65,73,44,79.42,28.1,128,79,103,19.01,73.1
2019,4,30,7,30,161,323,391,65.5,31.1,391,161,323,19.01,73.1
2019,4,30,8,30,206,550,551,51.4,34,551,206,550,19.01,73.1
2019,4,30,9,30,234,744,641,37.24,36.4,641,234,744,19.01,73.1
2019,4,30,10,30,252,886,690,23.09,38.2,690,252,886,19.01,73.1
2019,4,30,11,30,488,794,310,9.39,39.3,751,234,975,19.01,73.1
2019,4,30,12,30,235,979,750,7.38,39.6,750,235,979,19.01,73.1
2019,4,30,13,30,232,911,727,20.79,39.4,727,232,911,19.01,73.1
2019,4,30,14,30,252,763,624,34.91,38.6,624,252,763,19.01,73.1
2019,4,30,15,30,222,578,543,49.08,37.3,543,222,578,19.01,73.1
2019,4,30,16,30,175,359,409,63.18,35.6,409,175,359,19.01,73.1
2019,4,30,17,30,97,138,184,77.13,33.4,184,97,138,19.01,73.1
2019,4,30,18,30,0,0,0,90.97,31.2,0,0,0,19.01,73.1
2019,4,30,19,30,0,0,0,104.4,29.7,0,0,0,19.01,73.1
2019,4,30,20,30,0,0,0,117.24,28.6,0,0,0,19.01,73.1
2019,4,30,21,30,0,0,0,129.04,27.7,0,0,0,19.01,73.1
2019,4,30,22,30,0,0,0,138.88,27,0,0,0,19.01,73.1
2019,4,30,23,30,0,0,0,145.07,26.4,0,0,0,19.01,73.1
2019,5,1,0,30,0,0,0,145.56,25.9,0,0,0,19.01,73.1
2019,5,1,1,30,0,0,0,140.15,25.5,0,0,0,19.01,73.1
2019,5,1,2,30,0,0,0,130.75,25.4,0,0,0,19.01,73.1
2019,5,1,3,30,0,0,0,119.18,25.5,0,0,0,19.01,73.1
2019,5,1,4,30,0,0,0,106.47,25.5,0,0,0,19.01,73.1
2019,5,1,5,30,0,0,0,93.11,26.3,0,0,0,19.01,73.1
2019,5,1,6,30,82,103,113,79.31,27.7,113,82,103,19.01,73.1
2019,5,1,7,30,169,323,369,65.39,30,369,169,323,19.01,73.1
2019,5,1,8,30,206,553,555,51.31,33.1,555,206,553,19.01,73.1
2019,5,1,9,30,221,749,662,37.14,35.6,662,221,749,19.01,73.1
2019,5,1,10,30,427,747,348,22.99,37.2,725,230,898,19.01,73.1
2019,5,1,11,30,444,822,384,9.22,38,716,260,967,19.01,73.1
2019,5,1,12,30,440,892,456,7.23,38.2,729,253,976,19.01,73.1
2019,5,1,13,30,240,913,720,20.74,37.8,720,240,913,19.01,73.1
2019,5,1,14,30,225,781,677,34.88,36.9,677,225,781,19.01,73.1
2019,5,1,15,30,197,595,607,49.04,35.6,607,197,595,19.01,73.1
2019,5,1,16,30,158,372,473,63.14,33.7,473,158,372,19.01,73.1
2019,5,1,17,30,93,144,225,77.08,31.3,225,93,144,19.01,73.1
2019,5,1,18,30,0,0,0,90.9,29.1,0,0,0,19.01,73.1
2019,5,1,19,30,0,0,0,104.3,27.7,0,0,0,19.01,73.1
2019,5,1,20,30,0,0,0,117.11,27,0,0,0,19.01,73.1
2019,5,1,21,30,0,0,0,128.87,26.4,0,0,0,19.01,73.1
2019,5,1,22,30,0,0,0,138.65,25.9,0,0,0,19.01,73.1
2019,5,1,23,30,0,0,0,144.78,25.4,0,0,0,19.01,73.1
2019,5,2,0,30,0,0,0,145.26,25,0,0,0,19.01,73.1
2019,5,2,1,30,0,0,0,139.88,24.7,0,0,0,19.01,73.1
2019,5,2,2,30,0,0,0,130.52,24.4,0,0,0,19.01,73.1
2019,5,2,3,30,0,0,0,118.99,24.3,0,0,0,19.01,73.1
2019,5,2,4,30,0,0,0,106.31,24.3,0,0,0,19.01,73.1
2019,5,2,5,30,0,0,0,92.98,25,0,0,0,19.01,73.1
2019,5,2,6,30,67,86,97,79.19,26.6,175,82,115,19.01,73.1
2019,5,2,7,30,144,344,479,65.29,29.2,479,144,344,19.01,73.1
2019,5,2,8,30,170,580,655,51.21,32.1,655,170,580,19.01,73.1
2019,5,2,9,30,340,647,385,37.05,34.6,751,184,783,19.01,73.1
2019,5,2,10,30,406,760,384,22.89,36.4,803,194,934,19.01,73.1
2019,5,2,11,30,432,858,431,9.06,37.4,830,196,1015,19.01,73.1
2019,5,2,12,30,421,928,511,7.09,37.7,835,196,1024,19.01,73.1
2019,5,2,13,30,403,784,407,20.7,37.3,820,189,956,19.01,73.1
2019,5,2,14,30,338,677,412,34.84,36.6,752,194,811,19.01,73.1
2019,5,2,15,30,273,497,342,49.01,35.3,675,174,617,19.01,73.1
2019,5,2,16,30,180,298,262,63.09,33.6,541,142,387,19.01,73.1
2019,5,2,17,30,88,153,290,77.02,31.3,290,88,153,19.01,73.1
2019,5,2,18,30,0,0,0,90.25,29.2,0,0,0,19.01,73.1
2019,5,2,19,30,0,0,0,104.2,27.7,0,0,0,19.01,73.1
2019,5,2,20,30,0,0,0,116.98,26.7,0,0,0,19.01,73.1
2019,5,2,21,30,0,0,0,128.69,25.9,0,0,0,19.01,73.1
2019,5,2,22,30,0,0,0,138.42,25.3,0,0,0,19.01,73.1
2019,5,2,23,30,0,0,0,144.5,24.8,0,0,0,19.01,73.1
2019,5,3,0,30,0,0,0,144.96,24.3,0,0,0,19.01,73.1
2019,5,3,1,30,0,0,0,139.61,24.1,0,0,0,19.01,73.1
2019,5,3,2,30,0,0,0,130.3,24,0,0,0,19.01,73.1
2019,5,3,3,30,0,0,0,118.81,24,0,0,0,19.01,73.1
2019,5,3,4,30,0,0,0,106.16,24.2,0,0,0,19.01,73.1
2019,5,3,5,30,0,0,0,92.85,25.1,0,0,0,19.01,73.1
2019,5,3,6,30,83,117,181,79.08,27,181,83,117,19.01,73.1
2019,5,3,7,30,148,345,470,65.19,29.3,470,148,345,19.01,73.1
2019,5,3,8,30,248,485,377,51.13,31.9,637,177,576,19.01,73.1
2019,5,3,9,30,358,621,329,36.97,34.3,723,196,774,19.01,73.1
2019,5,3,10,30,210,920,769,22.8,36,769,210,920,19.01,73.1
2019,5,3,11,30,199,1006,817,8.92,36.9,817,199,1006,19.01,73.1
2019,5,3,12,30,198,1013,821,6.96,37.2,821,198,1013,19.01,73.1
2019,5,3,13,30,191,945,806,20.66,36.9,806,191,945,19.01,73.1
2019,5,3,14,30,181,810,767,34.81,36.2,767,181,810,19.01,73.1
2019,5,3,15,30,159,620,703,48.97,35,703,159,620,19.01,73.1
2019,5,3,16,30,129,393,583,63.04,33.5,583,129,393,19.01,73.1
2019,5,3,17,30,81,157,338,76.96,31.5,338,81,157,19.01,73.1
2019,5,3,18,30,0,0,0,90.18,29.5,0,0,0,19.01,73.1
2019,5,3,19,30,0,0,0,104.1,28.2,0,0,0,19.01,73.1
2019,5,3,20,30,0,0,0,116.84,27.3,0,0,0,19.01,73.1
2019,5,3,21,30,0,0,0,128.52,26.6,0,0,0,19.01,73.1
2019,5,3,22,30,0,0,0,138.2,26.1,0,0,0,19.01,73.1
2019,5,3,23,30,0,0,0,144.22,25.7,0,0,0,19.01,73.1
2019,5,4,0,30,0,0,0,144.67,25.6,0,0,0,19.01,73.1
2019,5,4,1,30,0,0,0,139.35,25.7,0,0,0,19.01,73.1
2019,5,4,2,30,0,0,0,130.08,25.6,0,0,0,19.01,73.1
2019,5,4,3,30,0,0,0,118.63,25.5,0,0,0,19.01,73.1
2019,5,4,4,30,0,0,0,106.01,25.5,0,0,0,19.01,73.1
2019,5,4,5,30,0,0,0,92.72,26,0,0,0,19.01,73.1
2019,5,4,6,30,81,121,208,78.97,27.5,208,81,121,19.01,73.1
2019,5,4,7,30,136,348,503,65.1,29.4,503,136,348,19.01,73.1
2019,5,4,8,30,160,580,667,51.04,31.7,667,160,580,19.01,73.1
2019,5,4,9,30,369,602,292,36.89,33.7,752,174,775,19.01,73.1
2019,5,4,10,30,184,918,796,22.72,35.2,796,184,918,19.01,73.1
2019,5,4,11,30,233,977,753,8.78,36.1,753,233,977,19.01,73.1
2019,5,4,12,30,235,980,751,6.84,36.4,751,235,980,19.01,73.1
2019,5,4,13,30,230,911,728,20.62,36.1,728,230,911,19.01,73.1
2019,5,4,14,30,213,779,688,34.78,35.4,688,213,779,19.01,73.1
2019,5,4,15,30,189,592,613,48.93,34.3,613,189,592,19.01,73.1
2019,5,4,16,30,153,371,479,63,32.8,479,153,371,19.01,73.1
2019,5,4,17,30,92,146,240,76.9,31.2,240,92,146,19.01,73.1
2019,5,4,18,30,0,0,0,90.11,29.8,0,0,0,19.01,73.1
2019,5,4,19,30,0,0,0,104,29,0,0,0,19.01,73.1
2019,5,4,20,30,0,0,0,116.71,28.4,0,0,0,19.01,73.1
2019,5,4,21,30,0,0,0,128.34,27.8,0,0,0,19.01,73.1
2019,5,4,22,30,0,0,0,137.97,27.2,0,0,0,19.01,73.1
2019,5,4,23,30,0,0,0,143.94,26.7,0,0,0,19.01,73.1
2019,5,5,0,30,0,0,0,144.38,26.3,0,0,0,19.01,73.1
2019,5,5,1,30,0,0,0,139.09,25.9,0,0,0,19.01,73.1
2019,5,5,2,30,0,0,0,129.87,25.7,0,0,0,19.01,73.1
2019,5,5,3,30,0,0,0,118.45,25.6,0,0,0,19.01,73.1
2019,5,5,4,30,0,0,0,105.86,25.6,0,0,0,19.01,73.1
2019,5,5,5,30,0,0,0,92.6,26.3,0,0,0,19.01,73.1
2019,5,5,6,30,82,117,186,78.87,27.8,186,82,117,19.01,73.1
2019,5,5,7,30,149,343,461,65.01,29.6,461,149,343,19.01,73.1
2019,5,5,8,30,182,574,623,50.96,31.7,623,182,574,19.01,73.1
2019,5,5,9,30,201,771,712,36.82,33.9,712,201,771,19.01,73.1
2019,5,5,10,30,445,712,288,22.64,35.6,759,213,914,19.01,73.1
2019,5,5,11,30,483,783,304,8.66,36.9,798,208,997,19.01,73.1
2019,5,5,12,30,210,999,795,6.73,37.4,795,210,999,19.01,73.1
2019,5,5,13,30,206,929,772,20.58,37.3,772,206,929,19.01,73.1
2019,5,5,14,30,199,790,720,34.75,36.7,720,199,790,19.01,73.1
2019,5,5,15,30,179,601,643,48.9,35.6,643,179,601,19.01,73.1
2019,5,5,16,30,146,377,509,62.95,34.1,509,146,377,19.01,73.1
2019,5,5,17,30,89,150,268,76.84,32.1,268,89,150,19.01,73.1
2019,5,5,18,30,0,0,0,90.05,30.4,0,0,0,19.01,73.1
2019,5,5,19,30,0,0,0,103.89,29.2,0,0,0,19.01,73.1
2019,5,5,20,30,0,0,0,116.58,28.3,0,0,0,19.01,73.1
2019,5,5,21,30,0,0,0,128.17,27.7,0,0,0,19.01,73.1
2019,5,5,22,30,0,0,0,137.74,27,0,0,0,19.01,73.1
2019,5,5,23,30,0,0,0,143.67,26.5,0,0,0,19.01,73.1
2019,5,6,0,30,0,0,0,144.09,26,0,0,0,19.01,73.1
2019,5,6,1,30,0,0,0,138.84,25.6,0,0,0,19.01,73.1
2019,5,6,2,30,0,0,0,129.66,25.3,0,0,0,19.01,73.1
2019,5,6,3,30,0,0,0,118.28,25.2,0,0,0,19.01,73.1
2019,5,6,4,30,0,0,0,105.72,25.3,0,0,0,19.01,73.1
2019,5,6,5,30,0,0,0,92.48,26,0,0,0,19.01,73.1
2019,5,6,6,30,82,120,196,78.77,27.7,196,82,120,19.01,73.1
2019,5,6,7,30,146,343,466,64.92,29.8,466,146,343,19.01,73.1
2019,5,6,8,30,179,571,621,50.88,32.5,621,179,571,19.01,73.1
2019,5,6,9,30,197,767,711,36.75,35.7,711,197,767,19.01,73.1
2019,5,6,10,30,207,911,763,22.57,38.3,763,207,911,19.01,73.1
2019,5,6,11,30,258,972,722,8.54,39.4,722,258,972,19.01,73.1
2019,5,6,12,30,255,976,726,6.63,39.7,726,255,976,19.01,73.1
2019,5,6,13,30,247,910,708,20.55,39.4,708,247,910,19.01,73.1
2019,5,6,14,30,232,776,661,34.72,38.7,661,232,776,19.01,73.1
2019,5,6,15,30,204,590,586,48.86,37.6,586,204,590,19.01,73.1
2019,5,6,16,30,161,370,459,62.91,36,459,161,370,19.01,73.1
2019,5,6,17,30,94,148,237,76.78,33.9,237,94,148,19.01,73.1
2019,5,6,18,30,0,0,0,89.99,31.7,0,0,0,19.01,73.1
2019,5,6,19,30,0,0,0,103.79,30.2,0,0,0,19.01,73.1
2019,5,6,20,30,0,0,0,116.45,29.2,0,0,0,19.01,73.1
2019,5,6,21,30,0,0,0,127.99,28.3,0,0,0,19.01,73.1
2019,5,6,22,30,0,0,0,137.52,27.6,0,0,0,19.01,73.1
2019,5,6,23,30,0,0,0,143.4,27.1,0,0,0,19.01,73.1
2019,5,7,0,30,0,0,0,143.81,26.9,0,0,0,19.01,73.1
2019,5,7,1,30,0,0,0,138.59,26.7,0,0,0,19.01,73.1
2019,5,7,2,30,0,0,0,129.45,26.4,0,0,0,19.01,73.1
2019,5,7,3,30,0,0,0,118.12,26.1,0,0,0,19.01,73.1
2019,5,7,4,30,0,0,0,105.58,26,0,0,0,19.01,73.1
2019,5,7,5,30,0,0,0,92.37,26.4,0,0,0,19.01,73.1
2019,5,7,6,30,85,114,147,78.67,28.1,147,85,114,19.01,73.1
2019,5,7,7,30,163,332,398,64.84,30.4,398,163,332,19.01,73.1
2019,5,7,8,30,203,554,556,50.81,32.9,556,203,554,19.01,73.1
2019,5,7,9,30,226,747,649,36.68,35.4,649,226,747,19.01,73.1
2019,5,7,10,30,240,890,704,22.51,37.3,704,240,890,19.01,73.1
2019,5,7,11,30,179,993,823,8.44,38.3,823,179,993,19.01,73.1
2019,5,7,12,30,180,997,823,6.54,38.6,823,180,997,19.01,73.1
2019,5,7,13,30,175,930,807,20.52,38.3,807,175,930,19.01,73.1
2019,5,7,14,30,378,437,72,34.69,37.5,683,214,775,19.01,73.1
2019,5,7,15,30,191,590,607,48.82,36.4,607,191,590,19.01,73.1
2019,5,7,16,30,153,370,476,62.86,34.8,476,153,370,19.01,73.1
2019,5,7,17,30,92,148,243,76.72,32.8,243,92,148,19.01,73.1
2019,5,7,18,30,0,0,0,89.92,30.9,0,0,0,19.01,73.1
2019,5,7,19,30,0,0,0,103.69,29.6,0,0,0,19.01,73.1
2019,5,7,20,30,0,0,0,116.31,28.8,0,0,0,19.01,73.1
2019,5,7,21,30,0,0,0,127.82,28.2,0,0,0,19.01,73.1
2019,5,7,22,30,0,0,0,137.3,27.6,0,0,0,19.01,73.1
2019,5,7,23,30,0,0,0,143.14,27.3,0,0,0,19.01,73.1
2019,5,8,0,30,0,0,0,143.54,27.1,0,0,0,19.01,73.1
2019,5,8,1,30,0,0,0,138.35,27,0,0,0,19.01,73.1
2019,5,8,2,30,0,0,0,129.25,27,0,0,0,19.01,73.1
2019,5,8,3,30,0,0,0,117.95,26.8,0,0,0,19.01,73.1
2019,5,8,4,30,0,0,0,105.45,26.7,0,0,0,19.01,73.1
2019,5,8,5,30,0,0,0,92.25,27.2,0,0,0,19.01,73.1
2019,5,8,6,30,88,117,149,78.58,28.4,149,88,117,19.01,73.1
2019,5,8,7,30,161,338,415,64.76,30.2,415,161,338,19.01,73.1
2019,5,8,8,30,187,563,594,50.74,32.3,594,187,563,19.01,73.1
2019,5,8,9,30,199,759,698,36.62,34.4,698,199,759,19.01,73.1
2019,5,8,10,30,209,902,750,22.45,36.1,750,209,902,19.01,73.1
2019,5,8,11,30,222,974,760,8.35,37.1,760,222,974,19.01,73.1
2019,5,8,12,30,224,977,758,6.46,37.4,758,224,977,19.01,73.1
2019,5,8,13,30,221,908,734,20.49,37,734,221,908,19.01,73.1
2019,5,8,14,30,196,782,713,34.66,36,713,196,782,19.01,73.1
2019,5,8,15,30,176,596,637,48.79,34.7,637,176,596,19.01,73.1
2019,5,8,16,30,145,376,506,62.81,33,506,145,376,19.01,73.1
2019,5,8,17,30,89,153,274,76.65,31.1,274,89,153,19.01,73.1
2019,5,8,18,30,0,0,0,89.85,29.6,0,0,0,19.01,73.1
2019,5,8,19,30,0,0,0,103.59,28.8,0,0,0,19.01,73.1
2019,5,8,20,30,0,0,0,116.18,28.3,0,0,0,19.01,73.1
2019,5,8,21,30,0,0,0,127.65,27.9,0,0,0,19.01,73.1
2019,5,8,22,30,0,0,0,137.08,27.6,0,0,0,19.01,73.1
2019,5,8,23,30,0,0,0,142.87,27.2,0,0,0,19.01,73.1
2019,5,9,0,30,0,0,0,143.27,26.8,0,0,0,19.01,73.1
2019,5,9,1,30,0,0,0,138.11,26.5,0,0,0,19.01,73.1
2019,5,9,2,30,0,0,0,129.05,26.4,0,0,0,19.01,73.1
2019,5,9,3,30,0,0,0,117.79,26.4,0,0,0,19.01,73.1
2019,5,9,4,30,0,0,0,105.31,26.3,0,0,0,19.01,73.1
2019,5,9,5,30,0,0,0,92.15,26.7,0,0,0,19.01,73.1
2019,5,9,6,30,85,124,192,78.49,27.8,192,85,124,19.01,73.1
2019,5,9,7,30,150,346,459,64.68,29.3,459,150,346,19.01,73.1
2019,5,9,8,30,180,572,619,50.68,31.4,619,180,572,19.01,73.1
2019,5,9,9,30,368,607,298,36.57,33.5,724,187,768,19.01,73.1
2019,5,9,10,30,437,730,316,22.4,35.1,781,191,913,19.01,73.1
2019,5,9,11,30,143,1011,877,8.28,36.2,877,143,1011,19.01,73.1
2019,5,9,12,30,141,1017,881,6.39,36.7,881,141,1017,19.01,73.1
2019,5,9,13,30,137,950,868,20.46,36.5,868,137,950,19.01,73.1
2019,5,9,14,30,162,800,775,34.63,35.8,775,162,800,19.01,73.1
2019,5,9,15,30,147,612,705,48.75,34.4,705,147,612,19.01,73.1
2019,5,9,16,30,123,389,581,62.76,32.7,581,123,389,19.01,73.1
2019,5,9,17,30,79,159,347,76.59,30.7,347,79,159,19.01,73.1
2019,5,9,18,30,0,0,0,89.78,29.1,0,0,0,19.01,73.1
2019,5,9,19,30,0,0,0,103.48,28.2,0,0,0,19.01,73.1
2019,5,9,20,30,0,0,0,116.05,27.7,0,0,0,19.01,73.1
2019,5,9,21,30,0,0,0,127.48,27.2,0,0,0,19.01,73.1
2019,5,9,22,30,0,0,0,136.86,26.6,0,0,0,19.01,73.1
2019,5,9,23,30,0,0,0,142.62,26.2,0,0,0,19.01,73.1
2019,5,10,0,30,0,0,0,143,25.8,0,0,0,19.01,73.1
2019,5,10,1,30,0,0,0,137.87,25.6,0,0,0,19.01,73.1
2019,5,10,2,30,0,0,0,128.86,25.6,0,0,0,19.01,73.1
2019,5,10,3,30,0,0,0,117.64,25.7,0,0,0,19.01,73.1
2019,5,10,4,30,0,0,0,105.19,25.8,0,0,0,19.01,73.1
2019,5,10,5,30,0,0,0,92.04,26.6,0,0,0,19.01,73.1
2019,5,10,6,30,72,133,304,78.4,28.2,304,72,133,19.01,73.1
2019,5,10,7,30,112,360,579,64.61,30.1,579,112,360,19.01,73.1
2019,5,10,8,30,131,589,722,50.62,32.2,722,131,589,19.01,73.1
2019,5,10,9,30,364,615,313,36.52,34.2,798,143,784,19.01,73.1
2019,5,10,10,30,428,747,345,22.35,35.8,840,148,925,19.01,73.1
2019,5,10,11,30,143,1006,872,8.21,36.8,872,143,1006,19.01,73.1
2019,5,10,12,30,143,1011,874,6.33,37.1,874,143,1011,19.01,73.1
2019,5,10,13,30,140,944,858,20.44,36.8,858,140,944,19.01,73.1
2019,5,10,14,30,123,816,841,34.6,36.1,841,123,816,19.01,73.1
2019,5,10,15,30,112,630,784,48.71,34.9,784,112,630,19.01,73.1
2019,5,10,16,30,96,404,672,62.71,33.3,672,96,404,19.01,73.1
2019,5,10,17,30,67,169,442,76.53,31.4,442,67,169,19.01,73.1
2019,5,10,18,30,0,0,0,89.71,29.6,0,0,0,19.01,73.1
2019,5,10,19,30,0,0,0,103.38,28.4,0,0,0,19.01,73.1
2019,5,10,20,30,0,0,0,115.91,27.5,0,0,0,19.01,73.1
2019,5,10,21,30,0,0,0,127.31,26.8,0,0,0,19.01,73.1
2019,5,10,22,30,0,0,0,136.65,26.2,0,0,0,19.01,73.1
2019,5,10,23,30,0,0,0,142.36,25.7,0,0,0,19.01,73.1
2019,5,11,0,30,0,0,0,142.74,25.3,0,0,0,19.01,73.1
2019,5,11,1,30,0,0,0,137.64,25.2,0,0,0,19.01,73.1
2019,5,11,2,30,0,0,0,128.67,25.2,0,0,0,19.01,73.1
2019,5,11,3,30,0,0,0,117.48,25.2,0,0,0,19.01,73.1
2019,5,11,4,30,0,0,0,105.06,25.2,0,0,0,19.01,73.1
2019,5,11,5,30,0,0,0,91.94,25.9,0,0,0,19.01,73.1
2019,5,11,6,30,83,131,237,78.32,27.4,237,83,131,19.01,73.1
2019,5,11,7,30,133,357,520,64.54,29.5,520,133,357,19.01,73.1
2019,5,11,8,30,157,584,673,50.57,32,673,157,584,19.01,73.1
2019,5,11,9,30,171,781,759,36.47,34.7,759,171,781,19.01,73.1
2019,5,11,10,30,181,923,803,22.31,36.9,803,181,923,19.01,73.1
2019,5,11,11,30,163,1008,853,8.15,38.3,853,163,1008,19.01,73.1
2019,5,11,12,30,165,1012,851,6.27,38.9,851,165,1012,19.01,73.1
2019,5,11,13,30,163,942,831,20.41,38.8,831,163,942,19.01,73.1
2019,5,11,14,30,153,808,795,34.57,38,795,153,808,19.01,73.1
2019,5,11,15,30,140,619,724,48.67,36.8,724,140,619,19.01,73.1
2019,5,11,16,30,118,394,601,62.66,35.1,601,118,394,19.01,73.1
2019,5,11,17,30,78,164,369,76.46,32.9,369,78,164,19.01,73.1
2019,5,11,18,30,0,0,0,89.64,30.9,0,0,0,19.01,73.1
2019,5,11,19,30,0,0,0,103.27,29.5,0,0,0,19.01,73.1
2019,5,11,20,30,0,0,0,115.78,28.6,0,0,0,19.01,73.1
2019,5,11,21,30,0,0,0,127.14,27.8,0,0,0,19.01,73.1
2019,5,11,22,30,0,0,0,136.44,27.1,0,0,0,19.01,73.1
2019,5,11,23,30,0,0,0,142.11,26.5,0,0,0,19.01,73.1
2019,5,12,0,30,0,0,0,142.49,26,0,0,0,19.01,73.1
2019,5,12,1,30,0,0,0,137.42,25.6,0,0,0,19.01,73.1
2019,5,12,2,30,0,0,0,128.49,25.4,0,0,0,19.01,73.1
2019,5,12,3,30,0,0,0,117.34,25.4,0,0,0,19.01,73.1
2019,5,12,4,30,0,0,0,104.95,25.4,0,0,0,19.01,73.1
2019,5,12,5,30,0,0,0,91.84,26,0,0,0,19.01,73.1
2019,5,12,6,30,80,131,254,78.24,27.6,254,80,131,19.01,73.1
2019,5,12,7,30,131,356,523,64.48,29.8,523,131,356,19.01,73.1
2019,5,12,8,30,155,585,675,50.51,32.4,675,155,585,19.01,73.1
2019,5,12,9,30,170,780,757,36.43,35.1,757,170,780,19.01,73.1
2019,5,12,10,30,179,922,803,22.28,37.4,803,179,922,19.01,73.1
2019,5,12,11,30,162,1008,854,8.11,39,854,162,1008,19.01,73.1
2019,5,12,12,30,161,1012,856,6.23,39.7,856,161,1012,19.01,73.1
2019,5,12,13,30,156,944,841,20.39,39.5,841,156,944,19.01,73.1
2019,5,12,14,30,157,806,788,34.55,38.7,788,157,806,19.01,73.1
2019,5,12,15,30,140,620,726,48.64,37.4,726,140,620,19.01,73.1
2019,5,12,16,30,115,398,616,62.61,35.7,616,115,398,19.01,73.1
2019,5,12,17,30,75,168,394,76.4,33.5,394,75,168,19.01,73.1
2019,5,12,18,30,0,0,0,89.57,31.3,0,0,0,19.01,73.1
2019,5,12,19,30,0,0,0,103.17,29.8,0,0,0,19.01,73.1
2019,5,12,20,30,0,0,0,115.65,28.7,0,0,0,19.01,73.1
2019,5,12,21,30,0,0,0,126.97,27.9,0,0,0,19.01,73.1
2019,5,12,22,30,0,0,0,136.23,27.3,0,0,0,19.01,73.1
2019,5,12,23,30,0,0,0,141.87,26.9,0,0,0,19.01,73.1
2019,5,13,0,30,0,0,0,142.24,26.7,0,0,0,19.01,73.1
2019,5,13,1,30,0,0,0,137.2,26.6,0,0,0,19.01,73.1
2019,5,13,2,30,0,0,0,128.31,26.4,0,0,0,19.01,73.1
2019,5,13,3,30,0,0,0,117.19,26.2,0,0,0,19.01,73.1
2019,5,13,4,30,0,0,0,104.83,26.1,0,0,0,19.01,73.1
2019,5,13,5,30,0,0,0,91.75,26.6,0,0,0,19.01,73.1
2019,5,13,6,30,80,136,274,78.17,28.2,274,80,136,19.01,73.1
2019,5,13,7,30,124,365,559,64.42,30.3,559,124,365,19.01,73.1
2019,5,13,8,30,147,595,705,50.47,32.8,705,147,595,19.01,73.1
2019,5,13,9,30,158,791,786,36.39,35.4,786,158,791,19.01,73.1
2019,5,13,10,30,166,934,830,22.25,37.5,830,166,934,19.01,73.1
2019,5,13,11,30,174,1010,844,8.07,38.9,844,174,1010,19.01,73.1
2019,5,13,12,30,171,1016,850,6.2,39.3,850,171,1016,19.01,73.1
2019,5,13,13,30,164,947,835,20.37,38.9,835,164,947,19.01,73.1
2019,5,13,14,30,160,811,790,34.52,38.1,790,160,811,19.01,73.1
2019,5,13,15,30,143,623,725,48.6,36.8,725,143,623,19.01,73.1
2019,5,13,16,30,119,400,610,62.56,35,610,119,400,19.01,73.1
2019,5,13,17,30,79,168,376,76.33,32.8,376,79,168,19.01,73.1
2019,5,13,18,30,0,0,0,89.5,30.6,0,0,0,19.01,73.1
2019,5,13,19,30,0,0,0,103.07,29.2,0,0,0,19.01,73.1
2019,5,13,20,30,0,0,0,115.52,28.2,0,0,0,19.01,73.1
2019,5,13,21,30,0,0,0,126.81,27.5,0,0,0,19.01,73.1
2019,5,13,22,30,0,0,0,136.02,26.8,0,0,0,19.01,73.1
2019,5,13,23,30,0,0,0,141.63,26.3,0,0,0,19.01,73.1
2019,5,14,0,30,0,0,0,141.99,26.1,0,0,0,19.01,73.1
2019,5,14,1,30,0,0,0,136.98,26.1,0,0,0,19.01,73.1
2019,5,14,2,30,0,0,0,128.14,25.8,0,0,0,19.01,73.1
2019,5,14,3,30,0,0,0,117.05,25.6,0,0,0,19.01,73.1
2019,5,14,4,30,0,0,0,104.72,25.5,0,0,0,19.01,73.1
2019,5,14,5,30,0,0,0,91.66,26,0,0,0,19.01,73.1
2019,5,14,6,30,80,137,276,78.1,27.5,276,80,137,19.01,73.1
2019,5,14,7,30,124,368,564,64.36,29.6,564,124,368,19.01,73.1
2019,5,14,8,30,146,600,712,50.42,32.1,712,146,600,19.01,73.1
2019,5,14,9,30,157,795,792,36.36,34.7,792,157,795,19.01,73.1
2019,5,14,10,30,164,939,837,22.22,36.9,837,164,939,19.01,73.1
2019,5,14,11,30,146,1026,889,8.05,38.3,889,146,1026,19.01,73.1
2019,5,14,12,30,144,1032,893,6.18,38.8,893,144,1032,19.01,73.1
2019,5,14,13,30,140,966,882,20.35,38.6,882,140,966,19.01,73.1
2019,5,14,14,30,141,827,832,34.49,38,832,141,827,19.01,73.1
2019,5,14,15,30,128,637,769,48.56,36.9,769,128,637,19.01,73.1
2019,5,14,16,30,109,410,654,62.51,35.2,654,109,410,19.01,73.1
2019,5,14,17,30,75,174,420,76.27,32.9,420,75,174,19.01,73.1
2019,5,14,18,30,0,0,0,89.43,30.7,0,0,0,19.01,73.1
2019,5,14,19,30,0,0,0,102.96,29.1,0,0,0,19.01,73.1
2019,5,14,20,30,0,0,0,115.39,28.1,0,0,0,19.01,73.1
2019,5,14,21,30,0,0,0,126.64,27.3,0,0,0,19.01,73.1
2019,5,14,22,30,0,0,0,135.82,26.7,0,0,0,19.01,73.1
2019,5,14,23,30,0,0,0,141.39,26.2,0,0,0,19.01,73.1
2019,5,15,0,30,0,0,0,141.75,25.8,0,0,0,19.01,73.1
2019,5,15,1,30,0,0,0,136.77,25.5,0,0,0,19.01,73.1
2019,5,15,2,30,0,0,0,127.97,25.2,0,0,0,19.01,73.1
2019,5,15,3,30,0,0,0,116.92,25.1,0,0,0,19.01,73.1
2019,5,15,4,30,0,0,0,104.61,25,0,0,0,19.01,73.1
2019,5,15,5,30,0,0,0,91.58,25.8,0,0,0,19.01,73.1
2019,5,15,6,30,80,138,279,78.03,27.6,279,80,138,19.01,73.1
2019,5,15,7,30,126,369,560,64.31,29.9,560,126,369,19.01,73.1
2019,5,15,8,30,147,600,710,50.38,33.1,710,147,600,19.01,73.1
2019,5,15,9,30,160,797,791,36.33,36.2,791,160,797,19.01,73.1
2019,5,15,10,30,170,941,833,22.2,38.2,833,170,941,19.01,73.1
2019,5,15,11,30,183,1012,838,8.03,39.3,838,183,1012,19.01,73.1
2019,5,15,12,30,182,1017,841,6.16,39.7,841,182,1017,19.01,73.1
2019,5,15,13,30,177,948,822,20.33,39.5,822,177,948,19.01,73.1
2019,5,15,14,30,167,811,781,34.46,38.8,781,167,811,19.01,73.1
2019,5,15,15,30,153,622,709,48.52,37.6,709,153,622,19.01,73.1
2019,5,15,16,30,129,397,580,62.46,35.8,580,129,397,19.01,73.1
2019,5,15,17,30,85,166,340,76.2,33.4,340,85,166,19.01,73.1
2019,5,15,18,30,0,0,0,89.35,31.1,0,0,0,19.01,73.1
2019,5,15,19,30,0,0,0,102.86,29.5,0,0,0,19.01,73.1
2019,5,15,20,30,0,0,0,115.26,28.5,0,0,0,19.01,73.1
2019,5,15,21,30,0,0,0,126.48,27.6,0,0,0,19.01,73.1
2019,5,15,22,30,0,0,0,135.62,27,0,0,0,19.01,73.1
2019,5,15,23,30,0,0,0,141.16,26.5,0,0,0,19.01,73.1
2019,5,16,0,30,0,0,0,141.52,26.2,0,0,0,19.01,73.1
2019,5,16,1,30,0,0,0,136.57,25.9,0,0,0,19.01,73.1
2019,5,16,2,30,0,0,0,127.8,25.5,0,0,0,19.01,73.1
2019,5,16,3,30,0,0,0,116.79,25.2,0,0,0,19.01,73.1
2019,5,16,4,30,0,0,0,104.51,25,0,0,0,19.01,73.1
2019,5,16,5,30,0,0,0,91.5,25.5,0,0,0,19.01,73.1
2019,5,16,6,30,79,136,273,77.96,27.2,273,79,136,19.01,73.1
2019,5,16,7,30,125,363,550,64.26,29.7,550,125,363,19.01,73.1
2019,5,16,8,30,144,594,705,50.35,32.8,705,144,594,19.01,73.1
2019,5,16,9,30,154,795,795,36.31,35.7,795,154,795,19.01,73.1
2019,5,16,10,30,157,941,847,22.19,37.7,847,157,941,19.01,73.1
2019,5,16,11,30,154,1023,878,8.03,39,878,154,1023,19.01,73.1
2019,5,16,12,30,154,1028,880,6.15,39.6,880,154,1028,19.01,73.1
2019,5,16,13,30,400,782,408,20.31,39.5,858,154,958,19.01,73.1
2019,5,16,14,30,177,808,765,34.43,38.8,765,177,808,19.01,73.1
2019,5,16,15,30,164,618,684,48.48,37.7,684,164,618,19.01,73.1
2019,5,16,16,30,140,391,543,62.41,36.1,543,140,391,19.01,73.1
2019,5,16,17,30,92,162,294,76.14,33.8,294,92,162,19.01,73.1
2019,5,16,18,30,0,0,0,89.28,31.5,0,0,0,19.01,73.1
2019,5,16,19,30,0,0,0,102.76,29.8,0,0,0,19.01,73.1
2019,5,16,20,30,0,0,0,115.13,28.7,0,0,0,19.01,73.1
2019,5,16,21,30,0,0,0,126.32,27.8,0,0,0,19.01,73.1
2019,5,16,22,30,0,0,0,135.42,27.1,0,0,0,19.01,73.1
2019,5,16,23,30,0,0,0,140.93,26.5,0,0,0,19.01,73.1
2019,5,17,0,30,0,0,0,141.29,26,0,0,0,19.01,73.1
2019,5,17,1,30,0,0,0,136.37,25.6,0,0,0,19.01,73.1
2019,5,17,2,30,0,0,0,127.64,25.3,0,0,0,19.01,73.1
2019,5,17,3,30,0,0,0,116.66,24.9,0,0,0,19.01,73.1
2019,5,17,4,30,0,0,0,104.41,24.8,0,0,0,19.01,73.1
2019,5,17,5,30,0,0,0,91.42,25.4,0,0,0,19.01,73.1
2019,5,17,6,30,90,126,173,77.91,27.4,173,90,126,19.01,73.1
2019,5,17,7,30,163,344,417,64.22,29.9,417,163,344,19.01,73.1
2019,5,17,8,30,208,563,557,50.32,32.6,557,208,563,19.01,73.1
2019,5,17,9,30,239,752,636,36.29,35.2,636,239,752,19.01,73.1
2019,5,17,10,30,260,889,679,22.18,37.4,679,260,889,19.01,73.1
2019,5,17,11,30,282,959,683,8.03,38.9,683,282,959,19.01,73.1
2019,5,17,12,30,288,962,678,6.14,39.6,678,288,962,19.01,73.1
2019,5,17,13,30,283,895,652,20.29,39.6,652,283,895,19.01,73.1
2019,5,17,14,30,248,771,635,34.41,39.1,635,248,771,19.01,73.1
2019,5,17,15,30,219,588,556,48.44,38.1,556,219,588,19.01,73.1
2019,5,17,16,30,176,372,422,62.36,36.6,422,176,372,19.01,73.1
2019,5,17,17,30,105,152,195,76.07,34.5,195,105,152,19.01,73.1
2019,5,17,18,30,0,0,0,89.21,32.2,0,0,0,19.01,73.1
2019,5,17,19,30,0,0,0,102.65,30.5,0,0,0,19.01,73.1
2019,5,17,20,30,0,0,0,115,29.4,0,0,0,19.01,73.1
2019,5,17,21,30,0,0,0,126.16,28.6,0,0,0,19.01,73.1
2019,5,17,22,30,0,0,0,135.22,28,0,0,0,19.01,73.1
2019,5,17,23,30,0,0,0,140.71,27.5,0,0,0,19.01,73.1
2019,5,18,0,30,0,0,0,141.07,27,0,0,0,19.01,73.1
2019,5,18,1,30,0,0,0,136.18,26.6,0,0,0,19.01,73.1
2019,5,18,2,30,0,0,0,127.49,26.2,0,0,0,19.01,73.1
2019,5,18,3,30,0,0,0,116.54,25.8,0,0,0,19.01,73.1
2019,5,18,4,30,0,0,0,104.32,25.7,0,0,0,19.01,73.1
2019,5,18,5,30,0,0,0,91.35,26.2,0,0,0,19.01,73.1
2019,5,18,6,30,93,127,163,77.85,28.3,163,93,127,19.01,73.1
2019,5,18,7,30,162,343,415,64.18,31,415,162,343,19.01,73.1
2019,5,18,8,30,201,563,567,50.29,34.2,567,201,563,19.01,73.1
2019,5,18,9,30,224,753,657,36.27,37,657,224,753,19.01,73.1
2019,5,18,10,30,235,894,711,22.18,39.1,711,235,894,19.01,73.1
2019,5,18,11,30,229,976,755,8.04,40.5,755,229,976,19.01,73.1
2019,5,18,12,30,435,840,408,6.15,41.1,764,224,983,19.01,73.1
2019,5,18,13,30,405,777,397,20.28,41,751,214,919,19.01,73.1
2019,5,18,14,30,365,652,348,34.38,40.4,692,212,783,19.01,73.1
2019,5,18,15,30,187,601,623,48.4,39.4,623,187,601,19.01,73.1
2019,5,18,16,30,150,386,507,62.3,38,507,150,386,19.01,73.1
2019,5,18,17,30,93,164,292,76.01,36.1,292,93,164,19.01,73.1
2019,5,18,18,30,0,0,0,89.14,33.8,0,0,0,19.01,73.1
2019,5,18,19,30,0,0,0,102.55,31.8,0,0,0,19.01,73.1
2019,5,18,20,30,0,0,0,114.87,30.5,0,0,0,19.01,73.1
2019,5,18,21,30,0,0,0,126,29.5,0,0,0,19.01,73.1
2019,5,18,22,30,0,0,0,135.03,28.7,0,0,0,19.01,73.1
2019,5,18,23,30,0,0,0,140.49,28,0,0,0,19.01,73.1
2019,5,19,0,30,0,0,0,140.85,27.6,0,0,0,19.01,73.1
2019,5,19,1,30,0,0,0,135.99,27.3,0,0,0,19.01,73.1
2019,5,19,2,30,0,0,0,127.34,27.1,0,0,0,19.01,73.1
2019,5,19,3,30,0,0,0,116.42,27,0,0,0,19.01,73.1
2019,5,19,4,30,0,0,0,104.23,26.9,0,0,0,19.01,73.1
2019,5,19,5,30,0,0,0,91.28,27.7,0,0,0,19.01,73.1
2019,5,19,6,30,76,138,294,77.8,30.5,294,76,138,19.01,73.1
2019,5,19,7,30,121,365,560,64.14,34.3,560,121,365,19.01,73.1
2019,5,19,8,30,144,593,702,50.26,37.5,702,144,593,19.01,73.1
2019,5,19,9,30,160,788,779,36.26,39.7,779,160,788,19.01,73.1
2019,5,19,10,30,171,929,819,22.18,41.1,819,171,929,19.01,73.1
2019,5,19,11,30,191,999,816,8.06,42,816,191,999,19.01,73.1
2019,5,19,12,30,195,1000,810,6.16,42.3,810,195,1000,19.01,73.1
2019,5,19,13,30,400,782,408,20.26,42.1,785,195,931,19.01,73.1
2019,5,19,14,30,179,801,753,34.35,41.4,753,179,801,19.01,73.1
2019,5,19,15,30,163,615,681,48.36,40.3,681,163,615,19.01,73.1
2019,5,19,16,30,134,395,560,62.25,38.8,560,134,395,19.01,73.1
2019,5,19,17,30,88,168,333,75.94,36.7,333,88,168,19.01,73.1
2019,5,19,18,30,0,0,0,89.06,34.3,0,0,0,19.01,73.1
2019,5,19,19,30,0,0,0,102.45,32.4,0,0,0,19.01,73.1
2019,5,19,20,30,0,0,0,114.75,31.1,0,0,0,19.01,73.1
2019,5,19,21,30,0,0,0,125.85,30,0,0,0,19.01,73.1
2019,5,19,22,30,0,0,0,134.84,29.1,0,0,0,19.01,73.1
2019,5,19,23,30,0,0,0,140.28,28.5,0,0,0,19.01,73.1
2019,5,20,0,30,0,0,0,140.64,28,0,0,0,19.01,73.1
2019,5,20,1,30,0,0,0,135.81,27.5,0,0,0,19.01,73.1
2019,5,20,2,30,0,0,0,127.19,27,0,0,0,19.01,73.1
2019,5,20,3,30,0,0,0,116.31,26.7,0,0,0,19.01,73.1
2019,5,20,4,30,0,0,0,104.14,26.5,0,0,0,19.01,73.1
2019,5,20,5,30,0,0,0,91.21,27.2,0,0,0,19.01,73.1
2019,5,20,6,30,83,135,248,77.75,29.5,248,83,135,19.01,73.1
2019,5,20,7,30,136,356,504,64.1,32.5,504,136,356,19.01,73.1
2019,5,20,8,30,165,577,644,50.24,35.5,644,165,577,19.01,73.1
2019,5,20,9,30,183,768,725,36.25,38,725,183,768,19.01,73.1
2019,5,20,10,30,194,908,770,22.18,39.9,770,194,908,19.01,73.1
2019,5,20,11,30,186,991,813,8.09,41.1,813,186,991,19.01,73.1
2019,5,20,12,30,188,995,812,6.17,41.5,812,188,995,19.01,73.1
2019,5,20,13,30,187,930,792,20.24,41.2,792,187,930,19.01,73.1
2019,5,20,14,30,175,799,756,34.32,40.4,756,175,799,19.01,73.1
2019,5,20,15,30,159,614,683,48.32,39.2,683,159,614,19.01,73.1
2019,5,20,16,30,133,395,561,62.2,37.7,561,133,395,19.01,73.1
2019,5,20,17,30,88,170,335,75.87,35.6,335,88,170,19.01,73.1
2019,5,20,18,30,6,6,2,88.99,33.4,2,6,6,19.01,73.1
2019,5,20,19,30,0,0,0,102.34,31.6,0,0,0,19.01,73.1
2019,5,20,20,30,0,0,0,114.62,30.5,0,0,0,19.01,73.1
2019,5,20,21,30,0,0,0,125.69,29.6,0,0,0,19.01,73.1
2019,5,20,22,30,0,0,0,134.66,28.9,0,0,0,19.01,73.1
2019,5,20,23,30,0,0,0,140.07,28.4,0,0,0,19.01,73.1
2019,5,21,0,30,0,0,0,140.44,27.9,0,0,0,19.01,73.1
2019,5,21,1,30,0,0,0,135.64,27.5,0,0,0,19.01,73.1
2019,5,21,2,30,0,0,0,127.05,27.1,0,0,0,19.01,73.1
2019,5,21,3,30,0,0,0,116.2,26.9,0,0,0,19.01,73.1
2019,5,21,4,30,0,0,0,104.06,26.8,0,0,0,19.01,73.1
2019,5,21,5,30,0,0,0,91.15,27.4,0,0,0,19.01,73.1
2019,5,21,6,30,89,130,193,77.71,29.6,193,89,130,19.01,73.1
2019,5,21,7,30,151,348,450,64.07,32.6,450,151,348,19.01,73.1
2019,5,21,8,30,186,566,594,50.22,35.6,594,186,566,19.01,73.1
2019,5,21,9,30,210,752,672,36.24,37.9,672,210,752,19.01,73.1
2019,5,21,10,30,225,889,717,22.19,39.5,717,225,889,19.01,73.1
2019,5,21,11,30,233,961,736,8.13,40.3,736,233,961,19.01,73.1
2019,5,21,12,30,234,966,737,6.19,40.4,737,234,966,19.01,73.1
2019,5,21,13,30,227,902,720,20.23,39.9,720,227,902,19.01,73.1
2019,5,21,14,30,222,771,664,34.29,39,664,222,771,19.01,73.1
2019,5,21,15,30,196,592,595,48.28,37.8,595,196,592,19.01,73.1
2019,5,21,16,30,157,380,477,62.14,36.3,477,157,380,19.01,73.1
2019,5,21,17,30,98,163,264,75.8,34.5,264,98,163,19.01,73.1
2019,5,21,18,30,5,5,1,88.91,32.6,1,5,5,19.01,73.1
2019,5,21,19,30,0,0,0,102.24,31.1,0,0,0,19.01,73.1
2019,5,21,20,30,0,0,0,114.5,30.1,0,0,0,19.01,73.1
2019,5,21,21,30,0,0,0,125.54,29.3,0,0,0,19.01,73.1
2019,5,21,22,30,0,0,0,134.48,28.6,0,0,0,19.01,73.1
2019,5,21,23,30,0,0,0,139.87,28.2,0,0,0,19.01,73.1
2019,5,22,0,30,0,0,0,140.24,27.8,0,0,0,19.01,73.1
2019,5,22,1,30,0,0,0,135.47,27.6,0,0,0,19.01,73.1
2019,5,22,2,30,0,0,0,126.92,27.5,0,0,0,19.01,73.1
2019,5,22,3,30,0,0,0,116.1,27.5,0,0,0,19.01,73.1
2019,5,22,4,30,0,0,0,103.98,27.5,0,0,0,19.01,73.1
2019,5,22,5,30,0,0,0,91.09,28.1,0,0,0,19.01,73.1
2019,5,22,6,30,96,127,143,77.66,29.4,143,96,127,19.01,73.1
2019,5,22,7,30,165,343,406,64.05,31.3,406,165,343,19.01,73.1
2019,5,22,8,30,195,563,575,50.21,33.7,575,195,563,19.01,73.1
2019,5,22,9,30,212,752,670,36.24,35.8,670,212,752,19.01,73.1
2019,5,22,10,30,218,890,726,22.2,37.5,726,218,890,19.01,73.1
2019,5,22,11,30,267,949,689,8.17,38.7,689,267,949,19.01,73.1
2019,5,22,12,30,263,955,696,6.21,39.2,696,263,955,19.01,73.1
2019,5,22,13,30,251,894,685,20.21,39.1,685,251,894,19.01,73.1
2019,5,22,14,30,201,780,700,34.26,38.5,700,201,780,19.01,73.1
2019,5,22,15,30,178,602,638,48.23,37.5,638,178,602,19.01,73.1
2019,5,22,16,30,144,388,522,62.09,36.1,522,144,388,19.01,73.1
2019,5,22,17,30,92,168,306,75.73,34.2,306,92,168,19.01,73.1
2019,5,22,18,30,6,6,3,88.84,32.3,3,6,6,19.01,73.1
2019,5,22,19,30,0,0,0,102.14,30.7,0,0,0,19.01,73.1
2019,5,22,20,30,0,0,0,114.37,29.7,0,0,0,19.01,73.1
2019,5,22,21,30,0,0,0,125.39,28.9,0,0,0,19.01,73.1
2019,5,22,22,30,0,0,0,134.3,28.3,0,0,0,19.01,73.1
2019,5,22,23,30,0,0,0,139.67,27.9,0,0,0,19.01,73.1
2019,5,23,0,30,0,0,0,140.05,27.6,0,0,0,19.01,73.1
2019,5,23,1,30,0,0,0,135.3,27.5,0,0,0,19.01,73.1
2019,5,23,2,30,0,0,0,126.79,27.5,0,0,0,19.01,73.1
2019,5,23,3,30,0,0,0,116,27.6,0,0,0,19.01,73.1
2019,5,23,4,30,0,0,0,103.91,27.6,0,0,0,19.01,73.1
2019,5,23,5,30,0,0,0,91.04,28.1,0,0,0,19.01,73.1
2019,5,23,6,30,91,133,196,77.63,29.3,196,91,133,19.01,73.1
2019,5,23,7,30,148,352,466,64.02,31,466,148,352,19.01,73.1
2019,5,23,8,30,173,574,626,50.2,33.3,626,173,574,19.01,73.1
2019,5,23,9,30,187,765,717,36.24,35.7,717,187,765,19.01,73.1
2019,5,23,10,30,194,906,769,22.22,37.7,769,194,906,19.01,73.1
2019,5,23,11,30,188,985,806,8.21,39,806,188,985,19.01,73.1
2019,5,23,12,30,193,989,801,6.23,39.4,801,193,989,19.01,73.1
2019,5,23,13,30,193,921,776,20.19,39.1,776,193,921,19.01,73.1
2019,5,23,14,30,368,649,340,34.22,38.4,691,210,782,19.01,73.1
2019,5,23,15,30,192,600,612,48.19,37.3,612,192,600,19.01,73.1
2019,5,23,16,30,159,385,482,62.03,35.8,482,159,385,19.01,73.1
2019,5,23,17,30,101,165,255,75.67,33.8,255,101,165,19.01,73.1
2019,5,23,18,30,5,5,1,88.76,31.9,1,5,5,19.01,73.1
2019,5,23,19,30,0,0,0,102.04,30.5,0,0,0,19.01,73.1
2019,5,23,20,30,0,0,0,114.25,29.6,0,0,0,19.01,73.1
2019,5,23,21,30,0,0,0,125.25,29,0,0,0,19.01,73.1
2019,5,23,22,30,0,0,0,134.13,28.4,0,0,0,19.01,73.1
2019,5,23,23,30,0,0,0,139.48,28,0,0,0,19.01,73.1
2019,5,24,0,30,0,0,0,139.86,27.6,0,0,0,19.01,73.1
2019,5,24,1,30,0,0,0,135.15,27.3,0,0,0,19.01,73.1
2019,5,24,2,30,0,0,0,126.67,27.1,0,0,0,19.01,73.1
2019,5,24,3,30,0,0,0,115.91,26.9,0,0,0,19.01,73.1
2019,5,24,4,30,0,0,0,103.84,26.9,0,0,0,19.01,73.1
2019,5,24,5,30,0,0,0,90.99,27.5,0,0,0,19.01,73.1
2019,5,24,6,30,82,139,262,77.59,29.1,262,82,139,19.01,73.1
2019,5,24,7,30,127,362,535,64,31.5,535,127,362,19.01,73.1
2019,5,24,8,30,150,586,681,50.19,33.8,681,150,586,19.01,73.1
2019,5,24,9,30,362,618,317,36.25,35.8,761,163,776,19.01,73.1
2019,5,24,10,30,169,916,807,22.24,37.3,807,169,916,19.01,73.1
2019,5,24,11,30,209,976,775,8.26,38,775,209,976,19.01,73.1
2019,5,24,12,30,211,978,771,6.26,38.2,771,211,978,19.01,73.1
2019,5,24,13,30,209,910,747,20.18,37.9,747,209,910,19.01,73.1
2019,5,24,14,30,193,782,712,34.19,37.1,712,193,782,19.01,73.1
2019,5,24,15,30,286,487,301,48.14,36,638,175,601,19.01,73.1
2019,5,24,16,30,191,296,222,61.97,34.8,514,145,386,19.01,73.1
2019,5,24,17,30,94,166,293,75.6,33.2,293,94,166,19.01,73.1
2019,5,24,18,30,6,7,2,88.68,31.6,2,6,7,19.01,73.1
2019,5,24,19,30,0,0,0,101.94,30.3,0,0,0,19.01,73.1
2019,5,24,20,30,0,0,0,114.13,29.5,0,0,0,19.01,73.1
2019,5,24,21,30,0,0,0,125.1,28.9,0,0,0,19.01,73.1
2019,5,24,22,30,0,0,0,133.96,28.5,0,0,0,19.01,73.1
2019,5,24,23,30,0,0,0,139.29,28.2,0,0,0,19.01,73.1
2019,5,25,0,30,0,0,0,139.68,27.9,0,0,0,19.01,73.1
2019,5,25,1,30,0,0,0,134.99,27.7,0,0,0,19.01,73.1
2019,5,25,2,30,0,0,0,126.55,27.5,0,0,0,19.01,73.1
2019,5,25,3,30,0,0,0,115.82,27.3,0,0,0,19.01,73.1
2019,5,25,4,30,0,0,0,103.77,27.3,0,0,0,19.01,73.1
2019,5,25,5,30,0,0,0,90.94,27.7,0,0,0,19.01,73.1
2019,5,25,6,30,74,78,17,77.56,28.8,217,88,135,19.01,73.1
2019,5,25,7,30,179,221,96,63.99,30.5,476,144,353,19.01,73.1
2019,5,25,8,30,173,572,623,50.19,32.9,623,173,572,19.01,73.1
2019,5,25,9,30,381,569,233,36.26,35.3,709,189,761,19.01,73.1
2019,5,25,10,30,198,900,759,22.26,37,759,198,900,19.01,73.1
2019,5,25,11,30,485,788,306,8.32,38.2,818,175,985,19.01,73.1
2019,5,25,12,30,178,990,817,6.28,38.5,817,178,990,19.01,73.1
2019,5,25,13,30,178,923,794,20.16,38.1,794,178,923,19.01,73.1
2019,5,25,14,30,389,607,264,34.16,37.3,714,193,784,19.01,73.1
2019,5,25,15,30,175,603,640,48.1,36.3,640,175,603,19.01,73.1
2019,5,25,16,30,145,389,520,61.92,35.1,520,145,389,19.01,73.1
2019,5,25,17,30,93,169,304,75.53,33.6,304,93,169,19.01,73.1
2019,5,25,18,30,7,7,4,88.61,32,4,7,7,19.01,73.1
2019,5,25,19,30,0,0,0,101.84,30.8,0,0,0,19.01,73.1
2019,5,25,20,30,0,0,0,114.01,30,0,0,0,19.01,73.1
2019,5,25,21,30,0,0,0,124.96,29.3,0,0,0,19.01,73.1
2019,5,25,22,30,0,0,0,133.79,28.7,0,0,0,19.01,73.1
2019,5,25,23,30,0,0,0,139.11,28.1,0,0,0,19.01,73.1
2019,5,26,0,30,0,0,0,139.51,27.6,0,0,0,19.01,73.1
2019,5,26,1,30,0,0,0,134.85,27.2,0,0,0,19.01,73.1
2019,5,26,2,30,0,0,0,126.44,26.9,0,0,0,19.01,73.1
2019,5,26,3,30,0,0,0,115.74,26.8,0,0,0,19.01,73.1
2019,5,26,4,30,0,0,0,103.71,26.7,0,0,0,19.01,73.1
2019,5,26,5,30,0,0,0,90.9,27.3,0,0,0,19.01,73.1
2019,5,26,6,30,86,138,243,77.54,28.9,243,86,138,19.01,73.1
2019,5,26,7,30,138,356,498,63.97,31.2,498,138,356,19.01,73.1
2019,5,26,8,30,169,575,635,50.19,33.6,635,169,575,19.01,73.1
2019,5,26,9,30,190,763,711,36.27,35.5,711,190,763,19.01,73.1
2019,5,26,10,30,203,900,754,22.29,36.8,754,203,900,19.01,73.1
2019,5,26,11,30,224,969,753,8.38,37.6,753,224,969,19.01,73.1
2019,5,26,12,30,223,976,758,6.31,37.9,758,223,976,19.01,73.1
2019,5,26,13,30,216,912,742,20.14,37.8,742,216,912,19.01,73.1
2019,5,26,14,30,186,790,730,34.13,37.3,730,186,790,19.01,73.1
2019,5,26,15,30,168,609,660,48.05,36.4,660,168,609,19.01,73.1
2019,5,26,16,30,140,394,538,61.86,35.1,538,140,394,19.01,73.1
2019,5,26,17,30,93,172,316,75.46,33.5,316,93,172,19.01,73.1
2019,5,26,18,30,8,8,4,88.53,31.8,4,8,8,19.01,73.1
2019,5,26,19,30,0,0,0,101.74,30.6,0,0,0,19.01,73.1
2019,5,26,20,30,0,0,0,113.89,29.7,0,0,0,19.01,73.1
2019,5,26,21,30,0,0,0,124.82,28.9,0,0,0,19.01,73.1
2019,5,26,22,30,0,0,0,133.63,28.3,0,0,0,19.01,73.1
2019,5,26,23,30,0,0,0,138.94,27.8,0,0,0,19.01,73.1
2019,5,27,0,30,0,0,0,139.34,27.4,0,0,0,19.01,73.1
2019,5,27,1,30,0,0,0,134.71,27.1,0,0,0,19.01,73.1
2019,5,27,2,30,0,0,0,126.33,26.9,0,0,0,19.01,73.1
2019,5,27,3,30,0,0,0,115.66,26.8,0,0,0,19.01,73.1
2019,5,27,4,30,0,0,0,103.66,26.8,0,0,0,19.01,73.1
2019,5,27,5,30,0,0,0,90.86,27.3,0,0,0,19.01,73.1
2019,5,27,6,30,84,138,247,77.51,28.9,247,84,138,19.01,73.1
2019,5,27,7,30,132,359,516,63.96,31.4,516,132,359,19.01,73.1
2019,5,27,8,30,156,579,661,50.19,34,661,156,579,19.01,73.1
2019,5,27,9,30,366,609,301,36.28,36.2,740,172,768,19.01,73.1
2019,5,27,10,30,378,803,460,22.32,37.7,783,181,905,19.01,73.1
2019,5,27,11,30,432,878,451,8.45,38.7,758,218,968,19.01,73.1
2019,5,27,12,30,221,973,756,6.35,39.1,756,221,973,19.01,73.1
2019,5,27,13,30,218,906,733,20.12,38.9,733,218,906,19.01,73.1
2019,5,27,14,30,371,646,332,34.09,38.3,663,223,772,19.01,73.1
2019,5,27,15,30,289,482,288,48.01,37.4,591,198,594,19.01,73.1
2019,5,27,16,30,194,295,214,61.8,36,468,161,382,19.01,73.1
2019,5,27,17,30,102,166,254,75.39,34.2,254,102,166,19.01,73.1
2019,5,27,18,30,6,6,2,88.46,32.3,2,6,6,19.01,73.1
2019,5,27,19,30,0,0,0,101.64,31,0,0,0,19.01,73.1
2019,5,27,20,30,0,0,0,113.78,30.1,0,0,0,19.01,73.1
2019,5,27,21,30,0,0,0,124.68,29.5,0,0,0,19.01,73.1
2019,5,27,22,30,0,0,0,133.47,29,0,0,0,19.01,73.1
2019,5,27,23,30,0,0,0,138.77,28.5,0,0,0,19.01,73.1
2019,5,28,0,30,0,0,0,139.18,27.9,0,0,0,19.01,73.1
2019,5,28,1,30,0,0,0,134.57,27.5,0,0,0,19.01,73.1
2019,5,28,2,30,0,0,0,126.23,27.2,0,0,0,19.01,73.1
2019,5,28,3,30,0,0,0,115.58,27,0,0,0,19.01,73.1
2019,5,28,4,30,0,0,0,103.6,27,0,0,0,19.01,73.1
2019,5,28,5,30,0,0,0,90.25,27.6,0,0,0,19.01,73.1
2019,5,28,6,30,81,140,270,77.5,29.2,270,81,140,19.01,73.1
2019,5,28,7,30,123,362,544,63.96,31.5,544,123,362,19.01,73.1
2019,5,28,8,30,144,585,690,50.19,34.1,690,144,585,19.01,73.1
2019,5,28,9,30,155,774,768,36.3,36.6,768,155,774,19.01,73.1
2019,5,28,10,30,163,913,811,22.35,38.5,811,163,913,19.01,73.1
2019,5,28,11,30,163,990,837,8.51,39.6,837,163,990,19.01,73.1
2019,5,28,12,30,162,996,839,6.38,40.2,839,162,996,19.01,73.1
2019,5,28,13,30,160,931,822,20.1,40.1,822,160,931,19.01,73.1
2019,5,28,14,30,379,630,303,34.06,39.4,753,171,795,19.01,73.1
2019,5,28,15,30,156,613,684,47.96,38.2,684,156,613,19.01,73.1
2019,5,28,16,30,130,398,567,61.74,36.6,567,130,398,19.01,73.1
2019,5,28,17,30,87,176,353,75.32,34.4,353,87,176,19.01,73.1
2019,5,28,18,30,10,10,8,88.38,32.2,8,10,10,19.01,73.1
2019,5,28,19,30,0,0,0,101.55,30.6,0,0,0,19.01,73.1
2019,5,28,20,30,0,0,0,113.67,29.6,0,0,0,19.01,73.1
2019,5,28,21,30,0,0,0,124.55,28.9,0,0,0,19.01,73.1
2019,5,28,22,30,0,0,0,133.32,28.4,0,0,0,19.01,73.1
2019,5,28,23,30,0,0,0,138.6,28,0,0,0,19.01,73.1
2019,5,29,0,30,0,0,0,139.02,27.8,0,0,0,19.01,73.1
2019,5,29,1,30,0,0,0,134.44,27.6,0,0,0,19.01,73.1
2019,5,29,2,30,0,0,0,126.13,27.5,0,0,0,19.01,73.1
2019,5,29,3,30,0,0,0,115.52,27.4,0,0,0,19.01,73.1
2019,5,29,4,30,0,0,0,103.56,27.3,0,0,0,19.01,73.1
2019,5,29,5,30,0,0,0,90.23,27.9,0,0,0,19.01,73.1
2019,5,29,6,30,86,140,249,77.48,29.4,249,86,140,19.01,73.1
2019,5,29,7,30,135,362,518,63.95,31.5,518,135,362,19.01,73.1
2019,5,29,8,30,154,584,672,50.2,34.2,672,154,584,19.01,73.1
2019,5,29,9,30,359,621,325,36.32,36.9,755,167,776,19.01,73.1
2019,5,29,10,30,176,917,801,22.38,38.8,801,176,917,19.01,73.1
2019,5,29,11,30,197,984,796,8.58,39.9,796,197,984,19.01,73.1
2019,5,29,12,30,197,990,798,6.41,40.2,798,197,990,19.01,73.1
2019,5,29,13,30,192,926,781,20.08,39.9,781,192,926,19.01,73.1
2019,5,29,14,30,184,798,741,34.02,39.1,741,184,798,19.01,73.1
2019,5,29,15,30,292,478,277,47.91,37.9,673,166,617,19.01,73.1
2019,5,29,16,30,192,302,231,61.69,36.3,554,139,401,19.01,73.1
2019,5,29,17,30,92,178,336,75.25,34.4,336,92,178,19.01,73.1
2019,5,29,18,30,9,10,6,88.31,32.3,6,9,10,19.01,73.1
2019,5,29,19,30,0,0,0,101.45,30.7,0,0,0,19.01,73.1
2019,5,29,20,30,0,0,0,113.55,29.6,0,0,0,19.01,73.1
2019,5,29,21,30,0,0,0,124.42,28.7,0,0,0,19.01,73.1
2019,5,29,22,30,0,0,0,133.17,28,0,0,0,19.01,73.1
2019,5,29,23,30,0,0,0,138.44,27.5,0,0,0,19.01,73.1
2019,5,30,0,30,0,0,0,138.87,27.2,0,0,0,19.01,73.1
2019,5,30,1,30,0,0,0,134.32,27.1,0,0,0,19.01,73.1
2019,5,30,2,30,0,0,0,126.04,27.1,0,0,0,19.01,73.1
2019,5,30,3,30,0,0,0,115.45,27.1,0,0,0,19.01,73.1
2019,5,30,4,30,0,0,0,103.51,27.1,0,0,0,19.01,73.1
2019,5,30,5,30,0,0,0,90.2,27.8,0,0,0,19.01,73.1
2019,5,30,6,30,90,137,217,77.47,29.3,217,90,137,19.01,73.1
2019,5,30,7,30,144,356,483,63.95,31.1,483,144,356,19.01,73.1
2019,5,30,8,30,170,574,632,50.21,33.3,632,170,574,19.01,73.1
2019,5,30,9,30,377,580,251,36.34,35.6,717,186,763,19.01,73.1
2019,5,30,10,30,386,771,416,22.42,37.6,762,197,901,19.01,73.1
2019,5,30,11,30,429,857,433,8.66,39,808,184,982,19.01,73.1
2019,5,30,12,30,433,855,425,6.44,39.6,813,181,989,19.01,73.1
2019,5,30,13,30,390,823,461,20.06,39.5,799,174,925,19.01,73.1
2019,5,30,14,30,176,794,745,33.98,38.8,745,176,794,19.01,73.1
2019,5,30,15,30,159,616,682,47.86,37.7,682,159,616,19.01,73.1
2019,5,30,16,30,131,402,571,61.63,36.1,571,131,402,19.01,73.1
2019,5,30,17,30,88,181,364,75.18,34.2,364,88,181,19.01,73.1
2019,5,30,18,30,11,12,13,88.23,32.1,13,11,12,19.01,73.1
2019,5,30,19,30,0,0,0,101.36,30.5,0,0,0,19.01,73.1
2019,5,30,20,30,0,0,0,113.44,29.4,0,0,0,19.01,73.1
2019,5,30,21,30,0,0,0,124.29,28.8,0,0,0,19.01,73.1
2019,5,30,22,30,0,0,0,133.03,28.4,0,0,0,19.01,73.1
2019,5,30,23,30,0,0,0,138.29,28.2,0,0,0,19.01,73.1
2019,5,31,0,30,0,0,0,138.73,28.1,0,0,0,19.01,73.1
2019,5,31,1,30,0,0,0,134.21,28,0,0,0,19.01,73.1
2019,5,31,2,30,0,0,0,125.95,27.9,0,0,0,19.01,73.1
2019,5,31,3,30,0,0,0,115.39,27.8,0,0,0,19.01,73.1
2019,5,31,4,30,0,0,0,103.47,27.8,0,0,0,19.01,73.1
2019,5,31,5,30,0,0,0,90.19,28.3,0,0,0,19.01,73.1
2019,5,31,6,30,88,137,226,77.46,29.5,226,88,137,19.01,73.1
2019,5,31,7,30,144,352,474,63.96,31.3,474,144,352,19.01,73.1
2019,5,31,8,30,173,569,619,50.23,33.5,619,173,569,19.01,73.1
2019,5,31,9,30,361,614,314,36.37,35.6,698,192,754,19.01,73.1
2019,5,31,10,30,204,889,742,22.46,37.6,742,204,889,19.01,73.1
2019,5,31,11,30,430,863,438,8.73,39,730,233,955,19.01,73.1
2019,5,31,12,30,233,960,731,6.47,39.7,731,233,960,19.01,73.1
2019,5,31,13,30,227,898,714,20.04,39.8,714,227,898,19.01,73.1
2019,5,31,14,30,195,780,705,33.94,39.2,705,195,780,19.01,73.1
2019,5,31,15,30,293,479,277,47.82,38,644,173,605,19.01,73.1
2019,5,31,16,30,142,395,532,61.57,36.2,532,142,395,19.01,73.1
2019,5,31,17,30,94,177,324,75.11,33.9,324,94,177,19.01,73.1
2019,5,31,18,30,11,11,10,88.16,31.7,10,11,11,19.01,73.1
2019,5,31,19,30,0,0,0,101.26,30.2,0,0,0,19.01,73.1
2019,5,31,20,30,0,0,0,113.33,29.4,0,0,0,19.01,73.1
2019,5,31,21,30,0,0,0,124.17,28.9,0,0,0,19.01,73.1
2019,5,31,22,30,0,0,0,132.89,28.7,0,0,0,19.01,73.1
2019,5,31,23,30,0,0,0,138.14,28.6,0,0,0,19.01,73.1
2019,6,1,0,30,0,0,0,138.59,28.5,0,0,0,19.01,73.1
2019,6,1,1,30,0,0,0,134.1,28.4,0,0,0,19.01,73.1
2019,6,1,2,30,0,0,0,125.87,28.4,0,0,0,19.01,73.1
2019,6,1,3,30,0,0,0,115.34,28.4,0,0,0,19.01,73.1
2019,6,1,4,30,0,0,0,103.44,28.3,0,0,0,19.01,73.1
2019,6,1,5,30,0,0,0,90.17,28.8,0,0,0,19.01,73.1
2019,6,1,6,30,87,137,229,77.45,30.1,229,87,137,19.01,73.1
2019,6,1,7,30,143,351,474,63.96,31.7,474,143,351,19.01,73.1
2019,6,1,8,30,170,567,621,50.25,33.6,621,170,567,19.01,73.1
2019,6,1,9,30,379,569,235,36.4,35.6,707,184,754,19.01,73.1
2019,6,1,10,30,192,893,759,22.5,37.4,759,192,893,19.01,73.1
2019,6,1,11,30,177,975,808,8.81,38.7,808,177,975,19.01,73.1
2019,6,1,12,30,175,982,812,6.5,39.2,812,175,982,19.01,73.1
2019,6,1,13,30,170,919,797,20.02,39,797,170,919,19.01,73.1
2019,6,1,14,30,199,776,695,33.91,38.2,695,199,776,19.01,73.1
2019,6,1,15,30,179,599,625,47.77,36.8,625,179,599,19.01,73.1
2019,6,1,16,30,147,390,508,61.51,35.2,508,147,390,19.01,73.1
2019,6,1,17,30,97,173,297,75.04,33.2,297,97,173,19.01,73.1
2019,6,1,18,30,10,10,6,88.08,31.6,6,10,10,19.01,73.1
2019,6,1,19,30,0,0,0,101.17,30.6,0,0,0,19.01,73.1
2019,6,1,20,30,0,0,0,113.23,30,0,0,0,19.01,73.1
2019,6,1,21,30,0,0,0,124.05,29.6,0,0,0,19.01,73.1
2019,6,1,22,30,0,0,0,132.75,29.2,0,0,0,19.01,73.1
2019,6,1,23,30,0,0,0,138,28.7,0,0,0,19.01,73.1
2019,6,2,0,30,0,0,0,138.46,28.5,0,0,0,19.01,73.1
2019,6,2,1,30,0,0,0,133.99,28.4,0,0,0,19.01,73.1
2019,6,2,2,30,0,0,0,125.8,28.3,0,0,0,19.01,73.1
2019,6,2,3,30,0,0,0,115.29,28.2,0,0,0,19.01,73.1
2019,6,2,4,30,0,0,0,103.41,28.1,0,0,0,19.01,73.1
2019,6,2,5,30,0,0,0,90.16,28.7,0,0,0,19.01,73.1
2019,6,2,6,30,84,140,259,77.45,30.1,259,84,140,19.01,73.1
2019,6,2,7,30,181,239,134,63.97,31.9,518,131,358,19.01,73.1
2019,6,2,8,30,153,578,664,50.26,34,664,153,578,19.01,73.1
2019,6,2,9,30,166,765,744,36.43,36.2,744,166,765,19.01,73.1
2019,6,2,10,30,176,898,781,22.55,37.9,781,176,898,19.01,73.1
2019,6,2,11,30,218,958,749,8.89,39.2,749,218,958,19.01,73.1
2019,6,2,12,30,225,960,739,6.53,39.6,739,225,960,19.01,73.1
2019,6,2,13,30,228,897,711,19.99,39.3,711,228,897,19.01,73.1
2019,6,2,14,30,384,622,287,33.87,38.5,691,203,776,19.01,73.1
2019,6,2,15,30,184,599,618,47.72,37.4,618,184,599,19.01,73.1
2019,6,2,16,30,152,390,499,61.45,35.9,499,152,390,19.01,73.1
2019,6,2,17,30,99,175,291,74.97,34,291,99,175,19.01,73.1
2019,6,2,18,30,10,11,6,88.01,32.2,6,10,11,19.01,73.1
2019,6,2,19,30,0,0,0,101.08,30.9,0,0,0,19.01,73.1
2019,6,2,20,30,0,0,0,113.13,30.1,0,0,0,19.01,73.1
2019,6,2,21,30,0,0,0,123.93,29.6,0,0,0,19.01,73.1
2019,6,2,22,30,0,0,0,132.62,29.2,0,0,0,19.01,73.1
2019,6,2,23,30,0,0,0,137.87,29,0,0,0,19.01,73.1
2019,6,3,0,30,0,0,0,138.34,28.8,0,0,0,19.01,73.1
2019,6,3,1,30,0,0,0,133.9,28.8,0,0,0,19.01,73.1
2019,6,3,2,30,0,0,0,125.73,28.8,0,0,0,19.01,73.1
2019,6,3,3,30,0,0,0,115.24,28.8,0,0,0,19.01,73.1
2019,6,3,4,30,0,0,0,103.38,28.8,0,0,0,19.01,73.1
2019,6,3,5,30,0,0,0,90.15,29.2,0,0,0,19.01,73.1
2019,6,3,6,30,14,14,0,77.45,30.2,203,90,134,19.01,73.1
2019,6,3,7,30,145,149,7,63.98,31.5,451,148,345,19.01,73.1
2019,6,3,8,30,273,451,277,50.29,33.1,599,176,559,19.01,73.1
2019,6,3,9,30,365,604,297,36.46,34.9,687,192,744,19.01,73.1
2019,6,3,10,30,448,685,256,22.59,36.3,730,204,878,19.01,73.1
2019,6,3,11,30,492,735,245,8.96,37,807,169,966,19.01,73.1
2019,6,3,12,30,496,740,246,6.56,37,797,177,969,19.01,73.1
2019,6,3,13,30,418,762,366,19.97,36.5,771,180,904,19.01,73.1
2019,6,3,14,30,276,743,563,33.83,35.9,563,276,743,19.01,73.1
2019,6,3,15,30,236,576,504,47.66,35.4,504,236,576,19.01,73.1
2019,6,3,16,30,180,373,402,61.39,34.5,402,180,373,19.01,73.1
2019,6,3,17,30,108,165,221,74.91,33.2,221,108,165,19.01,73.1
2019,6,3,18,30,8,8,3,87.94,31.8,3,8,8,19.01,73.1
2019,6,3,19,30,0,0,0,100.99,30.7,0,0,0,19.01,73.1
2019,6,3,20,30,0,0,0,113.02,30,0,0,0,19.01,73.1
2019,6,3,21,30,0,0,0,123.81,29.6,0,0,0,19.01,73.1
2019,6,3,22,30,0,0,0,132.49,29.2,0,0,0,19.01,73.1
2019,6,3,23,30,0,0,0,137.74,28.8,0,0,0,19.01,73.1
2019,6,4,0,30,0,0,0,138.22,28.6,0,0,0,19.01,73.1
2019,6,4,1,30,0,0,0,133.8,28.4,0,0,0,19.01,73.1
2019,6,4,2,30,0,0,0,125.67,28.4,0,0,0,19.01,73.1
2019,6,4,3,30,0,0,0,115.2,28.5,0,0,0,19.01,73.1
2019,6,4,4,30,0,0,0,103.36,28.5,0,0,0,19.01,73.1
2019,6,4,5,30,0,0,0,90.14,29,0,0,0,19.01,73.1
2019,6,4,6,30,7,7,0,77.46,30,147,95,127,19.01,73.1
2019,6,4,7,30,137,137,0,64,31.3,377,170,335,19.01,73.1
2019,6,4,8,30,288,380,145,50.31,33,527,210,547,19.01,73.1
2019,6,4,9,30,346,387,51,36.49,34.9,621,231,730,19.01,73.1
2019,6,4,10,30,460,622,176,22.64,36.5,670,246,864,19.01,73.1
2019,6,4,11,30,502,681,182,9.04,37.6,656,281,929,19.01,73.1
2019,6,4,12,30,481,780,301,6.58,38.2,660,280,936,19.01,73.1
2019,6,4,13,30,444,736,310,19.94,38.1,640,273,875,19.01,73.1
2019,6,4,14,30,395,594,240,33.78,37.4,560,280,746,19.01,73.1
2019,6,4,15,30,241,577,498,47.61,36.3,498,241,577,19.01,73.1
2019,6,4,16,30,186,373,389,61.33,34.9,389,186,373,19.01,73.1
2019,6,4,17,30,112,165,203,74.84,33.2,203,112,165,19.01,73.1
2019,6,4,18,30,8,8,2,87.86,31.6,2,8,8,19.01,73.1
2019,6,4,19,30,0,0,0,100.9,30.4,0,0,0,19.01,73.1
2019,6,4,20,30,0,0,0,112.92,29.7,0,0,0,19.01,73.1
2019,6,4,21,30,0,0,0,123.7,29.2,0,0,0,19.01,73.1
2019,6,4,22,30,0,0,0,132.37,28.9,0,0,0,19.01,73.1
2019,6,4,23,30,0,0,0,137.61,28.5,0,0,0,19.01,73.1
2019,6,5,0,30,0,0,0,138.11,28.2,0,0,0,19.01,73.1
2019,6,5,1,30,0,0,0,133.72,28,0,0,0,19.01,73.1
2019,6,5,2,30,0,0,0,125.61,27.9,0,0,0,19.01,73.1
2019,6,5,3,30,0,0,0,115.16,27.8,0,0,0,19.01,73.1
2019,6,5,4,30,0,0,0,103.34,27.8,0,0,0,19.01,73.1
2019,6,5,5,30,0,0,0,90.14,28.3,0,0,0,19.01,73.1
2019,6,5,6,30,71,71,0,77.46,29.7,229,86,136,19.01,73.1
2019,6,5,7,30,139,350,483,64.02,31.8,483,139,350,19.01,73.1
2019,6,5,8,30,167,566,625,50.34,34.4,625,167,566,19.01,73.1
2019,6,5,9,30,385,512,157,36.53,36.6,699,187,749,19.01,73.1
2019,6,5,10,30,450,679,248,22.69,38.4,737,200,880,19.01,73.1
2019,6,5,11,30,286,924,646,9.12,39.4,646,286,924,19.01,73.1
2019,6,5,12,30,445,813,371,6.61,39.4,637,294,926,19.01,73.1
2019,6,5,13,30,449,727,295,19.91,38.7,606,293,862,19.01,73.1
2019,6,5,14,30,392,603,253,33.74,37.8,543,285,737,19.01,73.1
2019,6,5,15,30,304,450,216,47.56,36.6,460,255,565,19.01,73.1
2019,6,5,16,30,201,278,160,61.27,35.1,331,204,363,19.01,73.1
2019,6,5,17,30,119,157,145,74.77,33.4,145,119,157,19.01,73.1
2019,6,5,18,30,5,5,1,87.79,31.8,1,5,5,19.01,73.1
2019,6,5,19,30,0,0,0,100.82,30.9,0,0,0,19.01,73.1
2019,6,5,20,30,0,0,0,112.83,30.5,0,0,0,19.01,73.1
2019,6,5,21,30,0,0,0,123.59,30.2,0,0,0,19.01,73.1
2019,6,5,22,30,0,0,0,132.25,29.9,0,0,0,19.01,73.1
2019,6,5,23,30,0,0,0,137.49,29.5,0,0,0,19.01,73.1
2019,6,6,0,30,0,0,0,138.01,29.2,0,0,0,19.01,73.1
2019,6,6,1,30,0,0,0,133.64,28.8,0,0,0,19.01,73.1
2019,6,6,2,30,0,0,0,125.56,28.5,0,0,0,19.01,73.1
2019,6,6,3,30,0,0,0,115.13,28.4,0,0,0,19.01,73.1
2019,6,6,4,30,0,0,0,103.33,28.5,0,0,0,19.01,73.1
2019,6,6,5,30,0,0,0,90.14,29.2,0,0,0,19.01,73.1
2019,6,6,6,30,69,69,0,77.47,30.1,159,94,129,19.01,73.1
2019,6,6,7,30,180,237,130,64.04,31.4,410,160,339,19.01,73.1
2019,6,6,8,30,286,404,185,50.37,32.9,566,192,553,19.01,73.1
2019,6,6,9,30,215,735,648,36.57,34.5,648,215,735,19.01,73.1
2019,6,6,10,30,443,696,275,22.74,35.9,689,234,869,19.01,73.1
2019,6,6,11,30,482,783,305,9.2,36.7,669,272,933,19.01,73.1
2019,6,6,12,30,460,802,344,6.63,37.1,661,280,937,19.01,73.1
2019,6,6,13,30,450,723,290,19.88,37.1,633,280,875,19.01,73.1
2019,6,6,14,30,401,515,136,33.7,36.6,523,305,740,19.01,73.1
2019,6,6,15,30,166,168,2,47.51,35.8,441,271,569,19.01,73.1
2019,6,6,16,30,143,143,0,61.21,34.7,318,212,365,19.01,73.1
2019,6,6,17,30,93,99,24,74.7,33.3,138,122,158,19.01,73.1
2019,6,6,18,30,5,5,0,87.72,31.8,0,5,5,19.01,73.1
2019,6,6,19,30,0,0,0,100.73,30.7,0,0,0,19.01,73.1
2019,6,6,20,30,0,0,0,112.74,30,0,0,0,19.01,73.1
2019,6,6,21,30,0,0,0,123.49,29.5,0,0,0,19.01,73.1
2019,6,6,22,30,0,0,0,132.14,29.1,0,0,0,19.01,73.1
2019,6,6,23,30,0,0,0,137.38,28.9,0,0,0,19.01,73.1
2019,6,7,0,30,0,0,0,137.91,28.7,0,0,0,19.01,73.1
2019,6,7,1,30,0,0,0,133.57,28.5,0,0,0,19.01,73.1
2019,6,7,2,30,0,0,0,125.51,28.3,0,0,0,19.01,73.1
2019,6,7,3,30,0,0,0,115.11,28,0,0,0,19.01,73.1
2019,6,7,4,30,0,0,0,103.32,27.9,0,0,0,19.01,73.1
2019,6,7,5,30,0,0,0,90.14,28.6,0,0,0,19.01,73.1
2019,6,7,6,30,29,29,0,77.49,30.1,99,96,118,19.01,73.1
2019,6,7,7,30,174,270,219,64.06,31.9,312,186,323,19.01,73.1
2019,6,7,8,30,286,396,172,50.4,34.1,468,233,532,19.01,73.1
2019,6,7,9,30,372,583,264,36.61,36.1,561,262,712,19.01,73.1
2019,6,7,10,30,434,716,306,22.79,37.5,612,281,844,19.01,73.1
2019,6,7,11,30,486,749,266,9.27,38.3,489,399,882,19.01,73.1
2019,6,7,12,30,488,762,277,6.65,38.5,494,399,889,19.01,73.1
2019,6,7,13,30,457,706,265,19.85,38.1,482,379,832,19.01,73.1
2019,6,7,14,30,395,595,240,33.66,37.4,504,309,729,19.01,73.1
2019,6,7,15,30,265,563,440,47.46,36.4,440,265,563,19.01,73.1
2019,6,7,16,30,202,285,174,61.15,35,323,208,364,19.01,73.1
2019,6,7,17,30,121,157,138,74.64,33.5,138,121,157,19.01,73.1
2019,6,7,18,30,5,5,0,87.65,32.1,0,5,5,19.01,73.1
2019,6,7,19,30,0,0,0,100.65,31.3,0,0,0,19.01,73.1
2019,6,7,20,30,0,0,0,112.64,30.9,0,0,0,19.01,73.1
2019,6,7,21,30,0,0,0,123.39,30.6,0,0,0,19.01,73.1
2019,6,7,22,30,0,0,0,132.04,30.4,0,0,0,19.01,73.1
2019,6,7,23,30,0,0,0,137.28,30.2,0,0,0,19.01,73.1
2019,6,8,0,30,0,0,0,137.82,29.8,0,0,0,19.01,73.1
2019,6,8,1,30,0,0,0,133.5,29.5,0,0,0,19.01,73.1
2019,6,8,2,30,0,0,0,125.47,29.2,0,0,0,19.01,73.1
2019,6,8,3,30,0,0,0,115.08,29,0,0,0,19.01,73.1
2019,6,8,4,30,0,0,0,103.31,29,0,0,0,19.01,73.1
2019,6,8,5,30,0,0,0,90.14,29.2,0,0,0,19.01,73.1
2019,6,8,6,30,10,10,0,77.5,30.2,75,97,113,19.01,73.1
2019,6,8,7,30,28,28,0,64.08,31.8,264,202,317,19.01,73.1
2019,6,8,8,30,284,408,194,50.43,33.6,396,267,519,19.01,73.1
2019,6,8,9,30,384,517,166,36.65,35.2,466,318,692,19.01,73.1
2019,6,8,10,30,429,723,319,22.84,36.5,493,364,819,19.01,73.1
2019,6,8,11,30,493,727,237,9.35,37.2,623,299,913,19.01,73.1
2019,6,8,12,30,479,782,305,6.66,37.4,622,302,920,19.01,73.1
2019,6,8,13,30,452,719,283,19.82,37.6,609,289,863,19.01,73.1
2019,6,8,14,30,391,608,261,33.61,37.6,528,296,736,19.01,73.1
2019,6,8,15,30,261,568,453,47.41,37.1,453,261,568,19.01,73.1
2019,6,8,16,30,205,368,338,61.09,36.2,338,205,368,19.01,73.1
2019,6,8,17,30,99,134,129,74.57,34.7,165,120,164,19.01,73.1
2019,6,8,18,30,8,8,2,87.59,33.2,2,8,8,19.01,73.1
2019,6,8,19,30,0,0,0,100.57,32,0,0,0,19.01,73.1
2019,6,8,20,30,0,0,0,112.56,31.2,0,0,0,19.01,73.1
2019,6,8,21,30,0,0,0,123.3,30.7,0,0,0,19.01,73.1
2019,6,8,22,30,0,0,0,131.94,30.3,0,0,0,19.01,73.1
2019,6,8,23,30,0,0,0,137.18,30,0,0,0,19.01,73.1
2019,6,9,0,30,0,0,0,137.74,29.8,0,0,0,19.01,73.1
2019,6,9,1,30,0,0,0,133.44,29.5,0,0,0,19.01,73.1
2019,6,9,2,30,0,0,0,125.43,29.3,0,0,0,19.01,73.1
2019,6,9,3,30,0,0,0,115.07,29,0,0,0,19.01,73.1
2019,6,9,4,30,0,0,0,103.31,28.9,0,0,0,19.01,73.1
2019,6,9,5,30,0,0,0,90.15,29.1,0,0,0,19.01,73.1
2019,6,9,6,30,94,124,139,77.52,30.1,139,94,124,19.01,73.1
2019,6,9,7,30,176,328,347,64.11,31.6,347,176,328,19.01,73.1
2019,6,9,8,30,230,532,475,50.46,33.1,475,230,532,19.01,73.1
2019,6,9,9,30,369,588,273,36.69,34.3,544,271,707,19.01,73.1
2019,6,9,10,30,304,834,575,22.89,35,575,304,834,19.01,73.1
2019,6,9,11,30,446,801,360,9.42,35.5,581,331,904,19.01,73.1
2019,6,9,12,30,484,788,306,6.68,35.7,577,336,910,19.01,73.1
2019,6,9,13,30,447,732,303,19.79,35.8,556,328,851,19.01,73.1
2019,6,9,14,30,308,733,510,33.57,35.6,510,308,733,19.01,73.1
2019,6,9,15,30,292,490,292,47.35,34.9,426,276,564,19.01,73.1
2019,6,9,16,30,194,224,61,61.03,34,304,218,365,19.01,73.1
2019,6,9,17,30,8,8,0,74.51,32.9,134,124,160,19.01,73.1
2019,6,9,18,30,3,3,0,87.52,31.7,1,6,6,19.01,73.1
2019,6,9,19,30,0,0,0,100.49,30.9,0,0,0,19.01,73.1
2019,6,9,20,30,0,0,0,112.47,30.4,0,0,0,19.01,73.1
2019,6,9,21,30,0,0,0,123.2,30.1,0,0,0,19.01,73.1
2019,6,9,22,30,0,0,0,131.84,29.8,0,0,0,19.01,73.1
2019,6,9,23,30,0,0,0,137.09,29.6,0,0,0,19.01,73.1
2019,6,10,0,30,0,0,0,137.66,29.3,0,0,0,19.01,73.1
2019,6,10,1,30,0,0,0,133.39,29.1,0,0,0,19.01,73.1
2019,6,10,2,30,0,0,0,125.4,28.9,0,0,0,19.01,73.1
2019,6,10,3,30,0,0,0,115.05,28.8,0,0,0,19.01,73.1
2019,6,10,4,30,0,0,0,103.31,28.7,0,0,0,19.01,73.1
2019,6,10,5,30,0,0,0,90.16,28.8,0,0,0,19.01,73.1
2019,6,10,6,30,10,10,0,77.54,29.5,117,95,120,19.01,73.1
2019,6,10,7,30,187,323,310,64.14,30.4,310,187,323,19.01,73.1
2019,6,10,8,30,251,275,38,50.5,31.5,441,246,526,19.01,73.1
2019,6,10,9,30,344,632,359,36.73,32.6,519,286,702,19.01,73.1
2019,6,10,10,30,457,588,142,22.95,33.4,571,308,833,19.01,73.1
2019,6,10,11,30,418,455,38,9.5,34.1,611,307,909,19.01,73.1
2019,6,10,12,30,499,616,118,6.68,34.4,623,301,920,19.01,73.1
2019,6,10,13,30,464,570,113,19.76,34.4,615,285,864,19.01,73.1
2019,6,10,14,30,383,629,294,33.52,34.1,530,295,737,19.01,73.1
2019,6,10,15,30,300,473,256,47.3,33.7,474,252,573,19.01,73.1
2019,6,10,16,30,202,295,192,60.97,33,372,194,375,19.01,73.1
2019,6,10,17,30,100,131,114,74.44,31.9,205,115,170,19.01,73.1
2019,6,10,18,30,11,11,7,87.45,30.6,7,11,11,19.01,73.1
2019,6,10,19,30,0,0,0,100.42,29.7,0,0,0,19.01,73.1
2019,6,10,20,30,0,0,0,112.39,29.2,0,0,0,19.01,73.1
2019,6,10,21,30,0,0,0,123.12,28.9,0,0,0,19.01,73.1
2019,6,10,22,30,0,0,0,131.75,28.6,0,0,0,19.01,73.1
2019,6,10,23,30,0,0,0,137,28.3,0,0,0,19.01,73.1
2019,6,11,0,30,0,0,0,137.59,28.2,0,0,0,19.01,73.1
2019,6,11,1,30,0,0,0,133.34,28,0,0,0,19.01,73.1
2019,6,11,2,30,0,0,0,125.37,28,0,0,0,19.01,73.1
2019,6,11,3,30,0,0,0,115.05,27.9,0,0,0,19.01,73.1
2019,6,11,4,30,0,0,0,103.31,27.8,0,0,0,19.01,73.1
2019,6,11,5,30,0,0,0,90.18,28,0,0,0,19.01,73.1
2019,6,11,6,30,61,61,0,77.57,28.5,174,90,127,19.01,73.1
2019,6,11,7,30,179,232,122,64.17,29.2,412,155,335,19.01,73.1
2019,6,11,8,30,182,546,574,50.54,30.3,574,182,546,19.01,73.1
2019,6,11,9,30,187,733,682,36.78,31.8,682,187,733,19.01,73.1
2019,6,11,10,30,190,870,739,23,33,739,190,870,19.01,73.1
2019,6,11,11,30,426,830,410,9.57,33.9,768,189,946,19.01,73.1
2019,6,11,12,30,472,541,70,6.69,34.1,772,188,954,19.01,73.1
2019,6,11,13,30,343,364,23,19.72,33.7,756,184,895,19.01,73.1
2019,6,11,14,30,395,601,248,33.48,32.9,648,218,759,19.01,73.1
2019,6,11,15,30,41,41,0,47.25,31.8,565,203,587,19.01,73.1
2019,6,11,16,30,24,24,0,60.92,30.8,436,171,383,19.01,73.1
2019,6,11,17,30,90,91,4,74.38,29.9,219,114,173,19.01,73.1
2019,6,11,18,30,11,11,0,87.39,29.3,5,12,12,19.01,73.1
2019,6,11,19,30,0,0,0,100.35,29,0,0,0,19.01,73.1
2019,6,11,20,30,0,0,0,112.31,28.8,0,0,0,19.01,73.1
2019,6,11,21,30,0,0,0,123.03,28.6,0,0,0,19.01,73.1
2019,6,11,22,30,0,0,0,131.66,28.5,0,0,0,19.01,73.1
2019,6,11,23,30,0,0,0,136.92,28.3,0,0,0,19.01,73.1
2019,6,12,0,30,0,0,0,137.53,28.2,0,0,0,19.01,73.1
2019,6,12,1,30,0,0,0,133.3,28,0,0,0,19.01,73.1
2019,6,12,2,30,0,0,0,125.35,27.9,0,0,0,19.01,73.1
2019,6,12,3,30,0,0,0,115.04,27.7,0,0,0,19.01,73.1
2019,6,12,4,30,0,0,0,103.32,27.7,0,0,0,19.01,73.1
2019,6,12,5,30,0,0,0,90.19,28,0,0,0,19.01,73.1
2019,6,12,6,30,76,87,48,77.59,28.8,338,68,140,19.01,73.1
2019,6,12,7,30,65,65,0,64.2,29.8,508,124,345,19.01,73.1
2019,6,12,8,30,284,360,120,50.57,30.9,561,187,543,19.01,73.1
2019,6,12,9,30,337,373,45,36.82,31.8,581,246,711,19.01,73.1
2019,6,12,10,30,440,519,86,23.05,32.3,619,272,841,19.01,73.1
2019,6,12,11,30,461,525,64,9.64,32.4,611,305,907,19.01,73.1
2019,6,12,12,30,214,225,11,6.69,32.6,630,294,920,19.01,73.1
2019,6,12,13,30,433,491,62,19.68,33,635,270,868,19.01,73.1
2019,6,12,14,30,55,55,0,33.43,32.9,610,244,752,19.01,73.1
2019,6,12,15,30,261,282,31,47.2,32.1,550,212,585,19.01,73.1
2019,6,12,16,30,163,168,10,60.86,31,452,166,386,19.01,73.1
2019,6,12,17,30,10,10,0,74.32,29.8,253,109,177,19.01,73.1
2019,6,12,18,30,3,3,0,87.32,28.8,5,14,14,19.01,73.1
2019,6,12,19,30,0,0,0,100.27,28.2,0,0,0,19.01,73.1
2019,6,12,20,30,0,0,0,112.24,27.8,0,0,0,19.01,73.1
2019,6,12,21,30,0,0,0,122.95,27.6,0,0,0,19.01,73.1
2019,6,12,22,30,0,0,0,131.58,27.3,0,0,0,19.01,73.1
2019,6,12,23,30,0,0,0,136.85,27.2,0,0,0,19.01,73.1
2019,6,13,0,30,0,0,0,137.47,27,0,0,0,19.01,73.1
2019,6,13,1,30,0,0,0,133.26,26.9,0,0,0,19.01,73.1
2019,6,13,2,30,0,0,0,125.34,26.8,0,0,0,19.01,73.1
2019,6,13,3,30,0,0,0,115.04,26.8,0,0,0,19.01,73.1
2019,6,13,4,30,0,0,0,103.33,26.8,0,0,0,19.01,73.1
2019,6,13,5,30,0,0,0,90.21,27.2,0,0,0,19.01,73.1
2019,6,13,6,30,81,133,244,77.62,28.5,244,81,133,19.01,73.1
2019,6,13,7,30,123,346,513,64.24,30.1,513,123,346,19.01,73.1
2019,6,13,8,30,157,555,629,50.62,31.5,629,157,555,19.01,73.1
2019,6,13,9,30,362,421,73,36.87,32.7,663,198,729,19.01,73.1
2019,6,13,10,30,446,537,100,23.1,33.6,668,239,854,19.01,73.1
2019,6,13,11,30,442,491,50,9.71,34.1,668,264,923,19.01,73.1
2019,6,13,12,30,410,444,34,6.69,34.3,658,275,928,19.01,73.1
2019,6,13,13,30,265,278,14,19.64,34.1,638,270,871,19.01,73.1
2019,6,13,14,30,379,437,69,33.38,33.5,549,284,743,19.01,73.1
2019,6,13,15,30,221,230,13,47.14,32.8,476,252,576,19.01,73.1
2019,6,13,16,30,193,219,53,60.8,31.9,350,203,374,19.01,73.1
2019,6,13,17,30,8,8,0,74.26,30.8,145,127,166,19.01,73.1
2019,6,13,18,30,2,2,0,87.26,29.7,0,6,6,19.01,73.1
2019,6,13,19,30,0,0,0,100.21,29,0,0,0,19.01,73.1
2019,6,13,20,30,0,0,0,112.16,28.7,0,0,0,19.01,73.1
2019,6,13,21,30,0,0,0,122.88,28.3,0,0,0,19.01,73.1
2019,6,13,22,30,0,0,0,131.51,28,0,0,0,19.01,73.1
2019,6,13,23,30,0,0,0,136.78,27.7,0,0,0,19.01,73.1
2019,6,14,0,30,0,0,0,137.42,27.4,0,0,0,19.01,73.1
2019,6,14,1,30,0,0,0,133.23,27.2,0,0,0,19.01,73.1
2019,6,14,2,30,0,0,0,125.33,27.1,0,0,0,19.01,73.1
2019,6,14,3,30,0,0,0,115.05,26.9,0,0,0,19.01,73.1
2019,6,14,4,30,0,0,0,103.35,26.8,0,0,0,19.01,73.1
2019,6,14,5,30,0,0,0,90.23,27.1,0,0,0,19.01,73.1
2019,6,14,6,30,92,126,160,77.65,28.4,160,92,126,19.01,73.1
2019,6,14,7,30,163,179,36,64.27,30.1,432,148,336,19.01,73.1
2019,6,14,8,30,246,268,35,50.66,31.8,595,172,549,19.01,73.1
2019,6,14,9,30,373,569,245,36.92,33,676,191,732,19.01,73.1
2019,6,14,10,30,453,566,123,23.16,33.9,715,207,865,19.01,73.1
2019,6,14,11,30,499,650,153,9.77,34.4,647,281,918,19.01,73.1
2019,6,14,12,30,482,564,83,6.69,34.5,659,274,929,19.01,73.1
2019,6,14,13,30,264,872,645,19.61,34.2,645,264,872,19.01,73.1
2019,6,14,14,30,334,362,33,33.33,33.5,502,314,733,19.01,73.1
2019,6,14,15,30,35,35,0,47.09,32.6,385,298,560,19.01,73.1
2019,6,14,16,30,203,250,96,60.75,31.4,240,242,360,19.01,73.1
2019,6,14,17,30,8,8,0,74.2,30,71,134,153,19.01,73.1
2019,6,14,18,30,3,3,0,87.2,28.8,0,3,3,19.01,73.1
2019,6,14,19,30,0,0,0,100.14,28.1,0,0,0,19.01,73.1
2019,6,14,20,30,0,0,0,112.1,27.7,0,0,0,19.01,73.1
2019,6,14,21,30,0,0,0,122.81,27.5,0,0,0,19.01,73.1
2019,6,14,22,30,0,0,0,131.44,27.2,0,0,0,19.01,73.1
2019,6,14,23,30,0,0,0,136.72,27,0,0,0,19.01,73.1
2019,6,15,0,30,0,0,0,137.37,26.9,0,0,0,19.01,73.1
2019,6,15,1,30,0,0,0,133.21,26.7,0,0,0,19.01,73.1
2019,6,15,2,30,0,0,0,125.32,26.7,0,0,0,19.01,73.1
2019,6,15,3,30,0,0,0,115.06,26.6,0,0,0,19.01,73.1
2019,6,15,4,30,0,0,0,103.37,26.6,0,0,0,19.01,73.1
2019,6,15,5,30,0,0,0,90.25,27.1,0,0,0,19.01,73.1
2019,6,15,6,30,50,50,0,77.68,28.2,98,96,117,19.01,73.1
2019,6,15,7,30,33,33,0,64.31,29.8,327,180,322,19.01,73.1
2019,6,15,8,30,115,115,0,50.7,31.3,479,225,528,19.01,73.1
2019,6,15,9,30,336,372,45,36.96,32.5,563,256,707,19.01,73.1
2019,6,15,10,30,273,286,14,23.21,33.3,608,279,838,19.01,73.1
2019,6,15,11,30,314,331,17,9.84,33.8,585,326,902,19.01,73.1
2019,6,15,12,30,501,632,132,6.68,34.1,593,323,912,19.01,73.1
2019,6,15,13,30,399,437,40,19.56,34,587,306,859,19.01,73.1
2019,6,15,14,30,363,407,52,33.29,33.6,490,321,731,19.01,73.1
2019,6,15,15,30,312,407,141,47.04,32.9,433,273,569,19.01,73.1
2019,6,15,16,30,43,43,0,60.69,31.7,323,214,372,19.01,73.1
2019,6,15,17,30,128,170,151,74.14,30.4,151,128,170,19.01,73.1
2019,6,15,18,30,10,10,1,87.14,29.3,1,10,10,19.01,73.1
2019,6,15,19,30,0,0,0,100.08,28.7,0,0,0,19.01,73.1
2019,6,15,20,30,0,0,0,112.03,28.4,0,0,0,19.01,73.1
2019,6,15,21,30,0,0,0,122.74,28.2,0,0,0,19.01,73.1
2019,6,15,22,30,0,0,0,131.38,28,0,0,0,19.01,73.1
2019,6,15,23,30,0,0,0,136.67,27.9,0,0,0,19.01,73.1
2019,6,16,0,30,0,0,0,137.34,27.7,0,0,0,19.01,73.1
2019,6,16,1,30,0,0,0,133.2,27.7,0,0,0,19.01,73.1
2019,6,16,2,30,0,0,0,125.32,27.6,0,0,0,19.01,73.1
2019,6,16,3,30,0,0,0,115.07,27.5,0,0,0,19.01,73.1
2019,6,16,4,30,0,0,0,103.39,27.5,0,0,0,19.01,73.1
2019,6,16,5,30,0,0,0,90.86,27.9,0,0,0,19.01,73.1
2019,6,16,6,30,94,123,134,77.72,29.1,134,94,123,19.01,73.1
2019,6,16,7,30,165,329,378,64.35,30.5,378,165,329,19.01,73.1
2019,6,16,8,30,197,540,541,50.74,31.8,541,197,540,19.01,73.1
2019,6,16,9,30,216,721,632,37.01,33,632,216,721,19.01,73.1
2019,6,16,10,30,453,647,212,23.26,33.9,677,234,856,19.01,73.1
2019,6,16,11,30,476,559,83,9.9,34.5,563,346,901,19.01,73.1
2019,6,16,12,30,500,719,221,6.67,34.7,580,337,913,19.01,73.1
2019,6,16,13,30,457,545,94,19.52,34.6,573,319,859,19.01,73.1
2019,6,16,14,30,401,581,216,33.24,34,510,312,738,19.01,73.1
2019,6,16,15,30,306,372,97,46.99,33.1,456,264,574,19.01,73.1
2019,6,16,16,30,201,308,217,60.64,32,359,202,379,19.01,73.1
2019,6,16,17,30,125,174,182,74.08,30.6,182,125,174,19.01,73.1
2019,6,16,18,30,11,12,1,87.09,29.5,1,11,12,19.01,73.1
2019,6,16,19,30,0,0,0,100.02,28.8,0,0,0,19.01,73.1
2019,6,16,20,30,0,0,0,111.97,28.4,0,0,0,19.01,73.1
2019,6,16,21,30,0,0,0,122.68,28.2,0,0,0,19.01,73.1
2019,6,16,22,30,0,0,0,131.32,28,0,0,0,19.01,73.1
2019,6,16,23,30,0,0,0,136.62,27.8,0,0,0,19.01,73.1
2019,6,17,0,30,0,0,0,137.31,27.7,0,0,0,19.01,73.1
2019,6,17,1,30,0,0,0,133.19,27.5,0,0,0,19.01,73.1
2019,6,17,2,30,0,0,0,125.33,27.4,0,0,0,19.01,73.1
2019,6,17,3,30,0,0,0,115.09,27.4,0,0,0,19.01,73.1
2019,6,17,4,30,0,0,0,103.42,27.4,0,0,0,19.01,73.1
2019,6,17,5,30,0,0,0,90.89,27.8,0,0,0,19.01,73.1
2019,6,17,6,30,66,66,0,77.76,29,219,84,130,19.01,73.1
2019,6,17,7,30,136,340,473,64.39,30.4,473,136,340,19.01,73.1
2019,6,17,8,30,168,551,606,50.79,31.7,606,168,551,19.01,73.1
2019,6,17,9,30,381,503,153,37.06,32.8,673,194,731,19.01,73.1
2019,6,17,10,30,403,447,49,23.32,33.6,708,214,865,19.01,73.1
2019,6,17,11,30,472,548,77,9.96,33.9,701,242,933,19.01,73.1
2019,6,17,12,30,479,789,312,6.65,33.8,690,253,938,19.01,73.1
2019,6,17,13,30,471,637,176,19.48,33.7,668,250,880,19.01,73.1
2019,6,17,14,30,405,533,154,33.19,33.4,581,266,752,19.01,73.1
2019,6,17,15,30,238,584,506,46.94,32.8,506,238,584,19.01,73.1
2019,6,17,16,30,204,248,90,60.58,31.7,383,195,383,19.01,73.1
2019,6,17,17,30,14,14,0,74.03,30.4,182,125,175,19.01,73.1
2019,6,17,18,30,3,3,0,87.03,29.2,1,11,11,19.01,73.1
2019,6,17,19,30,0,0,0,99.96,28.6,0,0,0,19.01,73.1
2019,6,17,20,30,0,0,0,111.91,28.3,0,0,0,19.01,73.1
2019,6,17,21,30,0,0,0,122.63,28.2,0,0,0,19.01,73.1
2019,6,17,22,30,0,0,0,131.27,28,0,0,0,19.01,73.1
2019,6,17,23,30,0,0,0,136.58,27.8,0,0,0,19.01,73.1
2019,6,18,0,30,0,0,0,137.28,27.6,0,0,0,19.01,73.1
2019,6,18,1,30,0,0,0,133.18,27.5,0,0,0,19.01,73.1
2019,6,18,2,30,0,0,0,125.34,27.3,0,0,0,19.01,73.1
2019,6,18,3,30,0,0,0,115.11,27.2,0,0,0,19.01,73.1
2019,6,18,4,30,0,0,0,103.45,27.2,0,0,0,19.01,73.1
2019,6,18,5,30,0,0,0,90.93,27.7,0,0,0,19.01,73.1
2019,6,18,6,30,77,133,262,77.8,28.9,262,77,133,19.01,73.1
2019,6,18,7,30,119,345,525,64.44,30.3,525,119,345,19.01,73.1
2019,6,18,8,30,137,561,671,50.83,31.5,671,137,561,19.01,73.1
2019,6,18,9,30,340,380,49,37.11,32.6,748,149,746,19.01,73.1
2019,6,18,10,30,454,579,136,23.37,33.4,787,159,882,19.01,73.1
2019,6,18,11,30,497,634,139,10.01,33.8,768,192,947,19.01,73.1
2019,6,18,12,30,73,73,0,6.63,33.9,762,199,955,19.01,73.1
2019,6,18,13,30,425,477,55,19.43,33.6,734,202,894,19.01,73.1
2019,6,18,14,30,155,158,3,33.14,33.1,693,194,774,19.01,73.1
2019,6,18,15,30,103,103,0,46.88,32.3,631,173,605,19.01,73.1
2019,6,18,16,30,121,121,0,60.53,31.3,510,149,399,19.01,73.1
2019,6,18,17,30,14,14,0,73.98,30,283,106,184,19.01,73.1
2019,6,18,18,30,15,16,6,86.98,29,6,15,16,19.01,73.1
2019,6,18,19,30,0,0,0,99.9,28.5,0,0,0,19.01,73.1
2019,6,18,20,30,0,0,0,111.86,28.3,0,0,0,19.01,73.1
2019,6,18,21,30,0,0,0,122.57,28,0,0,0,19.01,73.1
2019,6,18,22,30,0,0,0,131.22,27.9,0,0,0,19.01,73.1
2019,6,18,23,30,0,0,0,136.54,27.7,0,0,0,19.01,73.1
2019,6,19,0,30,0,0,0,137.27,27.6,0,0,0,19.01,73.1
2019,6,19,1,30,0,0,0,133.18,27.5,0,0,0,19.01,73.1
2019,6,19,2,30,0,0,0,125.36,27.3,0,0,0,19.01,73.1
2019,6,19,3,30,0,0,0,115.14,27.2,0,0,0,19.01,73.1
2019,6,19,4,30,0,0,0,103.48,27.2,0,0,0,19.01,73.1
2019,6,19,5,30,0,0,0,90.96,27.6,0,0,0,19.01,73.1
2019,6,19,6,30,7,7,0,77.84,28.6,301,71,135,19.01,73.1
2019,6,19,7,30,18,18,0,64.48,29.8,554,110,348,19.01,73.1
2019,6,19,8,30,129,129,0,50.88,31.1,685,129,561,19.01,73.1
2019,6,19,9,30,137,137,0,37.16,32.2,756,144,746,19.01,73.1
2019,6,19,10,30,443,682,260,23.42,33.1,794,154,882,19.01,73.1
2019,6,19,11,30,476,558,83,10.07,33.6,801,167,956,19.01,73.1
2019,6,19,12,30,464,527,64,6.61,33.6,802,169,966,19.01,73.1
2019,6,19,13,30,449,523,79,19.39,33.3,785,167,908,19.01,73.1
2019,6,19,14,30,405,552,176,33.09,32.7,713,183,780,19.01,73.1
2019,6,19,15,30,312,437,183,46.83,32,643,169,608,19.01,73.1
2019,6,19,16,30,207,267,121,60.48,31.2,519,146,402,19.01,73.1
2019,6,19,17,30,57,57,0,73.92,30.2,292,105,186,19.01,73.1
2019,6,19,18,30,16,16,0,86.93,29.1,7,16,16,19.01,73.1
2019,6,19,19,30,0,0,0,99.85,28.5,0,0,0,19.01,73.1
2019,6,19,20,30,0,0,0,111.8,28.1,0,0,0,19.01,73.1
2019,6,19,21,30,0,0,0,122.53,27.9,0,0,0,19.01,73.1
2019,6,19,22,30,0,0,0,131.18,27.7,0,0,0,19.01,73.1
2019,6,19,23,30,0,0,0,136.52,27.6,0,0,0,19.01,73.1
2019,6,20,0,30,0,0,0,137.26,27.5,0,0,0,19.01,73.1
2019,6,20,1,30,0,0,0,133.19,27.4,0,0,0,19.01,73.1
2019,6,20,2,30,0,0,0,125.38,27.3,0,0,0,19.01,73.1
2019,6,20,3,30,0,0,0,115.17,27.1,0,0,0,19.01,73.1
2019,6,20,4,30,0,0,0,103.52,27.1,0,0,0,19.01,73.1
2019,6,20,5,30,0,0,0,91.01,27.4,0,0,0,19.01,73.1
2019,6,20,6,30,89,123,163,77.88,28.2,163,89,123,19.01,73.1
2019,6,20,7,30,156,330,405,64.53,29.2,405,156,330,19.01,73.1
2019,6,20,8,30,191,537,549,50.93,30.5,549,191,537,19.01,73.1
2019,6,20,9,30,377,542,208,37.21,31.9,639,212,721,19.01,73.1
2019,6,20,10,30,455,605,163,23.47,32.8,687,229,859,19.01,73.1
2019,6,20,11,30,490,726,240,10.12,33.5,493,402,888,19.01,73.1
2019,6,20,12,30,489,755,268,6.58,33.8,514,390,901,19.01,73.1
2019,6,20,13,30,366,847,510,19.34,33.6,510,366,847,19.01,73.1
2019,6,20,14,30,382,637,304,33.04,33.1,615,246,761,19.01,73.1
2019,6,20,15,30,213,596,558,46.78,32.4,558,213,596,19.01,73.1
2019,6,20,16,30,167,396,466,60.43,31.4,466,167,396,19.01,73.1
2019,6,20,17,30,108,187,282,73.87,30.1,282,108,187,19.01,73.1
2019,6,20,18,30,17,18,10,86.88,28.9,10,17,18,19.01,73.1
2019,6,20,19,30,0,0,0,99.8,28.1,0,0,0,19.01,73.1
2019,6,20,20,30,0,0,0,111.76,27.7,0,0,0,19.01,73.1
2019,6,20,21,30,0,0,0,122.48,27.4,0,0,0,19.01,73.1
2019,6,20,22,30,0,0,0,131.15,27.2,0,0,0,19.01,73.1
2019,6,20,23,30,0,0,0,136.5,27,0,0,0,19.01,73.1
2019,6,21,0,30,0,0,0,137.26,26.8,0,0,0,19.01,73.1
2019,6,21,1,30,0,0,0,133.21,26.7,0,0,0,19.01,73.1
2019,6,21,2,30,0,0,0,125.41,26.6,0,0,0,19.01,73.1
2019,6,21,3,30,0,0,0,115.2,26.4,0,0,0,19.01,73.1
2019,6,21,4,30,0,0,0,103.56,26.4,0,0,0,19.01,73.1
2019,6,21,5,30,0,0,0,91.05,26.9,0,0,0,19.01,73.1
2019,6,21,6,30,65,65,0,77.93,28.1,216,82,127,19.01,73.1
2019,6,21,7,30,129,340,491,64.57,29.5,491,129,340,19.01,73.1
2019,6,21,8,30,153,555,638,50.98,31.1,638,153,555,19.01,73.1
2019,6,21,9,30,379,502,154,37.26,32.6,718,169,740,19.01,73.1
2019,6,21,10,30,448,661,233,23.52,33.8,764,177,878,19.01,73.1
2019,6,21,11,30,252,932,691,10.16,34.5,691,252,932,19.01,73.1
2019,6,21,12,30,248,945,702,6.54,34.9,702,248,945,19.01,73.1
2019,6,21,13,30,237,889,690,19.29,34.8,690,237,889,19.01,73.1
2019,6,21,14,30,306,743,521,32.99,34.3,521,306,743,19.01,73.1
2019,6,21,15,30,269,578,450,46.73,33.5,450,269,578,19.01,73.1
2019,6,21,16,30,210,381,346,60.38,32.2,346,210,381,19.01,73.1
2019,6,21,17,30,128,175,170,73.82,30.5,170,128,175,19.01,73.1
2019,6,21,18,30,11,11,1,86.84,29.1,1,11,11,19.01,73.1
2019,6,21,19,30,0,0,0,99.75,28.3,0,0,0,19.01,73.1
2019,6,21,20,30,0,0,0,111.71,27.8,0,0,0,19.01,73.1
2019,6,21,21,30,0,0,0,122.45,27.6,0,0,0,19.01,73.1
2019,6,21,22,30,0,0,0,131.12,27.4,0,0,0,19.01,73.1
2019,6,21,23,30,0,0,0,136.48,27.2,0,0,0,19.01,73.1
2019,6,22,0,30,0,0,0,137.26,27,0,0,0,19.01,73.1
2019,6,22,1,30,0,0,0,133.23,26.8,0,0,0,19.01,73.1
2019,6,22,2,30,0,0,0,125.44,26.7,0,0,0,19.01,73.1
2019,6,22,3,30,0,0,0,115.24,26.7,0,0,0,19.01,73.1
2019,6,22,4,30,0,0,0,103.6,26.7,0,0,0,19.01,73.1
2019,6,22,5,30,0,0,0,91.09,27.3,0,0,0,19.01,73.1
2019,6,22,6,30,94,115,100,77.97,28.4,100,94,115,19.01,73.1
2019,6,22,7,30,178,318,326,64.62,29.6,326,178,318,19.01,73.1
2019,6,22,8,30,221,525,484,51.03,30.8,484,221,525,19.01,73.1
2019,6,22,9,30,379,513,168,37.31,32,577,248,706,19.01,73.1
2019,6,22,10,30,454,588,146,23.57,33.1,630,263,841,19.01,73.1
2019,6,22,11,30,296,909,623,10.21,33.9,623,296,909,19.01,73.1
2019,6,22,12,30,481,563,83,6.51,34.4,631,293,920,19.01,73.1
2019,6,22,13,30,318,336,19,19.24,34.6,617,283,866,19.01,73.1
2019,6,22,14,30,397,482,101,32.94,34.2,529,295,740,19.01,73.1
2019,6,22,15,30,312,446,194,46.68,33.3,454,263,574,19.01,73.1
2019,6,22,16,30,205,307,207,60.33,32.1,334,212,378,19.01,73.1
2019,6,22,17,30,36,36,0,73.78,30.8,147,130,171,19.01,73.1
2019,6,22,18,30,10,10,1,86.79,29.7,1,10,10,19.01,73.1
2019,6,22,19,30,0,0,0,99.71,29,0,0,0,19.01,73.1
2019,6,22,20,30,0,0,0,111.67,28.6,0,0,0,19.01,73.1
2019,6,22,21,30,0,0,0,122.41,28.3,0,0,0,19.01,73.1
2019,6,22,22,30,0,0,0,131.1,28.1,0,0,0,19.01,73.1
2019,6,22,23,30,0,0,0,136.47,27.9,0,0,0,19.01,73.1
2019,6,23,0,30,0,0,0,137.27,27.7,0,0,0,19.01,73.1
2019,6,23,1,30,0,0,0,133.25,27.5,0,0,0,19.01,73.1
2019,6,23,2,30,0,0,0,125.48,27.5,0,0,0,19.01,73.1
2019,6,23,3,30,0,0,0,115.29,27.4,0,0,0,19.01,73.1
2019,6,23,4,30,0,0,0,103.65,27.4,0,0,0,19.01,73.1
2019,6,23,5,30,0,0,0,91.14,27.6,0,0,0,19.01,73.1
2019,6,23,6,30,9,9,0,78.02,28.1,100,92,113,19.01,73.1
2019,6,23,7,30,42,42,0,64.67,28.9,324,177,315,19.01,73.1
2019,6,23,8,30,101,101,0,51.08,30.2,485,219,523,19.01,73.1
2019,6,23,9,30,159,161,3,37.36,31.7,581,243,705,19.01,73.1
2019,6,23,10,30,453,584,143,23.62,33.1,639,256,841,19.01,73.1
2019,6,23,11,30,498,677,182,10.25,33.9,599,313,903,19.01,73.1
2019,6,23,12,30,321,339,18,6.46,34.2,599,317,913,19.01,73.1
2019,6,23,13,30,311,328,18,19.19,33.8,571,316,855,19.01,73.1
2019,6,23,14,30,400,491,108,32.89,32.9,460,340,727,19.01,73.1
2019,6,23,15,30,315,422,157,46.64,31.9,382,301,563,19.01,73.1
2019,6,23,16,30,172,180,16,60.28,30.7,271,235,369,19.01,73.1
2019,6,23,17,30,10,10,0,73.73,29.6,113,135,167,19.01,73.1
2019,6,23,18,30,4,4,0,86.75,28.8,1,9,9,19.01,73.1
2019,6,23,19,30,0,0,0,99.67,28.3,0,0,0,19.01,73.1
2019,6,23,20,30,0,0,0,111.64,28.1,0,0,0,19.01,73.1
2019,6,23,21,30,0,0,0,122.38,27.9,0,0,0,19.01,73.1
2019,6,23,22,30,0,0,0,131.08,27.8,0,0,0,19.01,73.1
2019,6,23,23,30,0,0,0,136.47,27.7,0,0,0,19.01,73.1
2019,6,24,0,30,0,0,0,137.29,27.5,0,0,0,19.01,73.1
2019,6,24,1,30,0,0,0,133.28,27.3,0,0,0,19.01,73.1
2019,6,24,2,30,0,0,0,125.52,27.1,0,0,0,19.01,73.1
2019,6,24,3,30,0,0,0,115.33,27,0,0,0,19.01,73.1
2019,6,24,4,30,0,0,0,103.7,26.9,0,0,0,19.01,73.1
2019,6,24,5,30,0,0,0,91.19,27,0,0,0,19.01,73.1
2019,6,24,6,30,8,8,0,78.07,27.4,146,88,119,19.01,73.1
2019,6,24,7,30,59,59,0,64.72,28.1,381,160,323,19.01,73.1
2019,6,24,8,30,143,143,0,51.13,28.9,539,194,532,19.01,73.1
2019,6,24,9,30,365,434,86,37.4,29.7,645,205,717,19.01,73.1
2019,6,24,10,30,131,131,0,23.66,30.3,713,203,856,19.01,73.1
2019,6,24,11,30,366,390,24,10.29,30.8,747,201,936,19.01,73.1
2019,6,24,12,30,206,216,10,6.42,31,763,192,950,19.01,73.1
2019,6,24,13,30,175,181,7,19.14,30.9,757,180,896,19.01,73.1
2019,6,24,14,30,405,514,130,32.84,30.6,719,173,777,19.01,73.1
2019,6,24,15,30,312,450,201,46.59,30.1,668,152,611,19.01,73.1
2019,6,24,16,30,209,276,134,60.24,29.5,573,124,409,19.01,73.1
2019,6,24,17,30,105,144,140,73.69,28.8,385,87,195,19.01,73.1
2019,6,24,18,30,4,4,0,86.71,28,46,20,22,19.01,73.1
2019,6,24,19,30,0,0,0,99.63,27.5,0,0,0,19.01,73.1
2019,6,24,20,30,0,0,0,111.61,27.3,0,0,0,19.01,73.1
2019,6,24,21,30,0,0,0,122.36,27,0,0,0,19.01,73.1
2019,6,24,22,30,0,0,0,131.07,26.8,0,0,0,19.01,73.1
2019,6,24,23,30,0,0,0,136.48,26.7,0,0,0,19.01,73.1
2019,6,25,0,30,0,0,0,137.31,26.7,0,0,0,19.01,73.1
2019,6,25,1,30,0,0,0,133.32,26.6,0,0,0,19.01,73.1
2019,6,25,2,30,0,0,0,125.56,26.6,0,0,0,19.01,73.1
2019,6,25,3,30,0,0,0,115.38,26.6,0,0,0,19.01,73.1
2019,6,25,4,30,0,0,0,103.75,26.5,0,0,0,19.01,73.1
2019,6,25,5,30,0,0,0,91.25,27,0,0,0,19.01,73.1
2019,6,25,6,30,40,40,0,78.13,28.1,278,70,127,19.01,73.1
2019,6,25,7,30,114,336,522,64.77,29.5,522,114,336,19.01,73.1
2019,6,25,8,30,140,547,649,51.18,31,649,140,547,19.01,73.1
2019,6,25,9,30,376,482,133,37.45,32.1,722,157,730,19.01,73.1
2019,6,25,10,30,385,421,40,23.71,32.8,768,166,869,19.01,73.1
2019,6,25,11,30,329,347,19,10.33,33.3,673,256,918,19.01,73.1
2019,6,25,12,30,487,578,92,6.37,33.6,689,248,933,19.01,73.1
2019,6,25,13,30,412,455,46,19.09,33.7,682,236,880,19.01,73.1
2019,6,25,14,30,405,575,202,32.79,33.4,698,189,776,19.01,73.1
2019,6,25,15,30,291,331,57,46.54,32.7,632,172,607,19.01,73.1
2019,6,25,16,30,187,203,33,60.19,31.7,522,145,404,19.01,73.1
2019,6,25,17,30,80,80,0,73.65,30.5,320,101,191,19.01,73.1
2019,6,25,18,30,20,21,23,86.67,29.3,23,20,21,19.01,73.1
2019,6,25,19,30,0,0,0,99.6,28.6,0,0,0,19.01,73.1
2019,6,25,20,30,0,0,0,111.58,28.3,0,0,0,19.01,73.1
2019,6,25,21,30,0,0,0,122.34,28.1,0,0,0,19.01,73.1
2019,6,25,22,30,0,0,0,131.06,27.9,0,0,0,19.01,73.1
2019,6,25,23,30,0,0,0,136.49,27.7,0,0,0,19.01,73.1
2019,6,26,0,30,0,0,0,137.34,27.5,0,0,0,19.01,73.1
2019,6,26,1,30,0,0,0,133.37,27.3,0,0,0,19.01,73.1
2019,6,26,2,30,0,0,0,125.62,27.2,0,0,0,19.01,73.1
2019,6,26,3,30,0,0,0,115.44,27.1,0,0,0,19.01,73.1
2019,6,26,4,30,0,0,0,103.81,27.1,0,0,0,19.01,73.1
2019,6,26,5,30,0,0,0,91.3,27.5,0,0,0,19.01,73.1
2019,6,26,6,30,77,124,229,78.18,28.5,229,77,124,19.01,73.1
2019,6,26,7,30,127,333,483,64.83,29.7,483,127,333,19.01,73.1
2019,6,26,8,30,150,544,629,51.23,30.9,629,150,544,19.01,73.1
2019,6,26,9,30,356,412,71,37.5,31.8,709,168,730,19.01,73.1
2019,6,26,10,30,359,386,29,23.76,32.2,745,183,865,19.01,73.1
2019,6,26,11,30,192,201,9,10.36,32.4,789,173,948,19.01,73.1
2019,6,26,12,30,419,456,37,6.31,32.6,781,180,957,19.01,73.1
2019,6,26,13,30,180,901,762,19.04,32.9,762,180,901,19.01,73.1
2019,6,26,14,30,407,550,170,32.75,32.8,729,170,784,19.01,73.1
2019,6,26,15,30,271,295,35,46.49,32.2,663,158,614,19.01,73.1
2019,6,26,16,30,199,228,58,60.15,31.2,555,134,410,19.01,73.1
2019,6,26,17,30,9,9,0,73.61,30,369,92,196,19.01,73.1
2019,6,26,18,30,3,3,0,86.64,29,41,21,23,19.01,73.1
2019,6,26,19,30,0,0,0,99.57,28.5,0,0,0,19.01,73.1
2019,6,26,20,30,0,0,0,111.56,28.2,0,0,0,19.01,73.1
2019,6,26,21,30,0,0,0,122.33,28,0,0,0,19.01,73.1
2019,6,26,22,30,0,0,0,131.06,27.9,0,0,0,19.01,73.1
2019,6,26,23,30,0,0,0,136.51,27.7,0,0,0,19.01,73.1
2019,6,27,0,30,0,0,0,137.38,27.6,0,0,0,19.01,73.1
2019,6,27,1,30,0,0,0,133.42,27.4,0,0,0,19.01,73.1
2019,6,27,2,30,0,0,0,125.67,27.2,0,0,0,19.01,73.1
2019,6,27,3,30,0,0,0,115.5,27.1,0,0,0,19.01,73.1
2019,6,27,4,30,0,0,0,103.87,27.1,0,0,0,19.01,73.1
2019,6,27,5,30,0,0,0,91.36,27.4,0,0,0,19.01,73.1
2019,6,27,6,30,26,26,0,78.24,28.3,315,66,130,19.01,73.1
2019,6,27,7,30,172,215,102,64.88,29.4,570,102,344,19.01,73.1
2019,6,27,8,30,122,558,696,51.28,30.6,696,122,558,19.01,73.1
2019,6,27,9,30,295,315,25,37.55,31.6,758,139,740,19.01,73.1
2019,6,27,10,30,451,636,202,23.8,32.1,788,154,875,19.01,73.1
2019,6,27,11,30,169,949,793,10.39,32.4,793,169,949,19.01,73.1
2019,6,27,12,30,501,633,132,6.25,32.4,782,180,958,19.01,73.1
2019,6,27,13,30,368,394,28,18.99,32,757,184,899,19.01,73.1
2019,6,27,14,30,67,67,0,32.7,31.4,732,169,784,19.01,73.1
2019,6,27,15,30,131,131,0,46.45,30.6,672,153,616,19.01,73.1
2019,6,27,16,30,23,23,0,60.11,29.7,589,122,415,19.01,73.1
2019,6,27,17,30,10,10,0,73.57,28.7,394,88,199,19.01,73.1
2019,6,27,18,30,4,4,0,86.61,28.1,50,22,25,19.01,73.1
2019,6,27,19,30,0,0,0,99.54,27.8,0,0,0,19.01,73.1
2019,6,27,20,30,0,0,0,111.54,27.6,0,0,0,19.01,73.1
2019,6,27,21,30,0,0,0,122.32,27.4,0,0,0,19.01,73.1
2019,6,27,22,30,0,0,0,131.07,27.2,0,0,0,19.01,73.1
2019,6,27,23,30,0,0,0,136.54,27.1,0,0,0,19.01,73.1
2019,6,28,0,30,0,0,0,137.42,26.9,0,0,0,19.01,73.1
2019,6,28,1,30,0,0,0,133.47,26.8,0,0,0,19.01,73.1
2019,6,28,2,30,0,0,0,125.73,26.7,0,0,0,19.01,73.1
2019,6,28,3,30,0,0,0,115.56,26.6,0,0,0,19.01,73.1
2019,6,28,4,30,0,0,0,103.93,26.6,0,0,0,19.01,73.1
2019,6,28,5,30,0,0,0,91.42,27,0,0,0,19.01,73.1
2019,6,28,6,30,7,7,0,78.29,27.7,299,68,129,19.01,73.1
2019,6,28,7,30,39,39,0,64.94,28.3,557,105,341,19.01,73.1
2019,6,28,8,30,34,34,0,51.33,28.9,689,125,555,19.01,73.1
2019,6,28,9,30,58,58,0,37.6,29.5,766,135,741,19.01,73.1
2019,6,28,10,30,81,81,0,23.84,29.7,809,140,880,19.01,73.1
2019,6,28,11,30,94,94,0,10.42,29.7,826,145,958,19.01,73.1
2019,6,28,12,30,95,95,0,6.19,29.6,823,150,968,19.01,73.1
2019,6,28,13,30,84,84,0,18.93,29.5,797,155,910,19.01,73.1
2019,6,28,14,30,65,65,0,32.65,29.2,745,160,788,19.01,73.1
2019,6,28,15,30,42,42,0,46.41,28.6,653,163,613,19.01,73.1
2019,6,28,16,30,22,22,0,60.07,28.1,528,144,407,19.01,73.1
2019,6,28,17,30,10,10,0,73.53,27.5,367,93,197,19.01,73.1
2019,6,28,18,30,4,4,0,86.58,27.1,34,22,24,19.01,73.1
2019,6,28,19,30,0,0,0,99.52,26.8,0,0,0,19.01,73.1
2019,6,28,20,30,0,0,0,111.52,26.5,0,0,0,19.01,73.1
2019,6,28,21,30,0,0,0,122.32,26.3,0,0,0,19.01,73.1
2019,6,28,22,30,0,0,0,131.08,26.1,0,0,0,19.01,73.1
2019,6,28,23,30,0,0,0,136.57,26.1,0,0,0,19.01,73.1
2019,6,29,0,30,0,0,0,137.48,26.2,0,0,0,19.01,73.1
2019,6,29,1,30,0,0,0,133.54,26.4,0,0,0,19.01,73.1
2019,6,29,2,30,0,0,0,125.8,26.6,0,0,0,19.01,73.1
2019,6,29,3,30,0,0,0,115.62,26.9,0,0,0,19.01,73.1
2019,6,29,4,30,0,0,0,103.99,27,0,0,0,19.01,73.1
2019,6,29,5,30,0,0,0,91.48,27.3,0,0,0,19.01,73.1
2019,6,29,6,30,6,6,0,78.35,27.6,112,90,112,19.01,73.1
2019,6,29,7,30,155,167,28,64.99,28,352,166,315,19.01,73.1
2019,6,29,8,30,191,195,8,51.39,28.2,492,214,521,19.01,73.1
2019,6,29,9,30,88,88,0,37.65,28.4,598,232,705,19.01,73.1
2019,6,29,10,30,76,76,0,23.89,28.5,679,227,848,19.01,73.1
2019,6,29,11,30,284,299,15,10.44,28.5,735,212,935,19.01,73.1
2019,6,29,12,30,81,81,0,6.12,28.5,781,181,958,19.01,73.1
2019,6,29,13,30,86,86,0,18.88,28.4,794,159,910,19.01,73.1
2019,6,29,14,30,117,117,0,32.6,28.3,778,141,797,19.01,73.1
2019,6,29,15,30,70,70,0,46.36,28.1,724,128,628,19.01,73.1
2019,6,29,16,30,72,72,0,60.03,27.8,608,116,420,19.01,73.1
2019,6,29,17,30,19,19,0,73.5,27.4,390,89,200,19.01,73.1
2019,6,29,18,30,5,5,0,86.55,26.9,30,22,23,19.01,73.1
2019,6,29,19,30,0,0,0,99.5,26.8,0,0,0,19.01,73.1
2019,6,29,20,30,0,0,0,111.51,26.8,0,0,0,19.01,73.1
2019,6,29,21,30,0,0,0,122.32,26.9,0,0,0,19.01,73.1
2019,6,29,22,30,0,0,0,131.1,26.9,0,0,0,19.01,73.1
2019,6,29,23,30,0,0,0,136.61,26.9,0,0,0,19.01,73.1
2019,6,30,0,30,0,0,0,137.53,26.9,0,0,0,19.01,73.1
2019,6,30,1,30,0,0,0,133.6,26.8,0,0,0,19.01,73.1
2019,6,30,2,30,0,0,0,125.87,26.8,0,0,0,19.01,73.1
2019,6,30,3,30,0,0,0,115.69,26.7,0,0,0,19.01,73.1
2019,6,30,4,30,0,0,0,104.06,26.7,0,0,0,19.01,73.1
2019,6,30,5,30,0,0,0,91.54,26.8,0,0,0,19.01,73.1
2019,6,30,6,30,10,10,0,78.41,27.3,210,79,121,19.01,73.1
2019,6,30,7,30,15,15,0,65.05,27.9,458,134,327,19.01,73.1
2019,6,30,8,30,48,48,0,51.44,28.3,585,171,536,19.01,73.1
2019,6,30,9,30,100,100,0,37.7,28.6,661,195,718,19.01,73.1
2019,6,30,10,30,425,490,71,23.93,28.8,722,199,859,19.01,73.1
2019,6,30,11,30,190,199,9,10.47,29,693,243,924,19.01,73.1
2019,6,30,12,30,86,86,0,6.05,29.2,712,233,940,19.01,73.1
2019,6,30,13,30,72,72,0,18.82,29.4,696,228,887,19.01,73.1
2019,6,30,14,30,55,55,0,32.55,29.5,658,216,771,19.01,73.1
2019,6,30,15,30,132,132,0,46.32,29.3,574,204,600,19.01,73.1
2019,6,30,16,30,60,60,0,59.99,28.8,436,178,396,19.01,73.1
2019,6,30,17,30,60,60,0,73.47,28,213,123,184,19.01,73.1
2019,6,30,18,30,8,8,0,86.53,27.3,3,15,15,19.01,73.1
2019,6,30,19,30,0,0,0,99.48,27,0,0,0,19.01,73.1
2019,6,30,20,30,0,0,0,111.51,26.9,0,0,0,19.01,73.1
2019,6,30,21,30,0,0,0,122.33,26.8,0,0,0,19.01,73.1
2019,6,30,22,30,0,0,0,131.13,26.8,0,0,0,19.01,73.1
2019,6,30,23,30,0,0,0,136.65,26.7,0,0,0,19.01,73.1
2019,7,1,0,30,0,0,0,137.6,26.7,0,0,0,19.01,73.1
2019,7,1,1,30,0,0,0,133.68,26.6,0,0,0,19.01,73.1
2019,7,1,2,30,0,0,0,125.94,26.6,0,0,0,19.01,73.1
2019,7,1,3,30,0,0,0,115.77,26.6,0,0,0,19.01,73.1
2019,7,1,4,30,0,0,0,104.13,26.6,0,0,0,19.01,73.1
2019,7,1,5,30,0,0,0,91.61,26.8,0,0,0,19.01,73.1
2019,7,1,6,30,6,6,0,78.47,27.3,117,88,111,19.01,73.1
2019,7,1,7,30,15,15,0,65.1,27.8,336,171,312,19.01,73.1
2019,7,1,8,30,34,34,0,51.49,28.2,497,211,521,19.01,73.1
2019,7,1,9,30,56,56,0,37.74,28.4,599,231,705,19.01,73.1
2019,7,1,10,30,109,109,0,23.97,28.6,659,240,842,19.01,73.1
2019,7,1,11,30,208,218,11,10.49,28.8,696,239,923,19.01,73.1
2019,7,1,12,30,110,110,0,5.97,28.8,716,228,940,19.01,73.1
2019,7,1,13,30,149,153,4,18.77,28.7,715,213,890,19.01,73.1
2019,7,1,14,30,117,117,0,32.51,28.6,687,196,776,19.01,73.1
2019,7,1,15,30,36,36,0,46.28,28.3,627,176,609,19.01,73.1
2019,7,1,16,30,108,108,0,59.96,27.9,502,153,405,19.01,73.1
2019,7,1,17,30,9,9,0,73.44,27.5,285,110,191,19.01,73.1
2019,7,1,18,30,3,3,0,86.51,27.1,13,19,20,19.01,73.1
2019,7,1,19,30,0,0,0,99.47,26.9,0,0,0,19.01,73.1
2019,7,1,20,30,0,0,0,111.5,26.8,0,0,0,19.01,73.1
2019,7,1,21,30,0,0,0,122.34,26.8,0,0,0,19.01,73.1
2019,7,1,22,30,0,0,0,131.16,26.6,0,0,0,19.01,73.1
2019,7,1,23,30,0,0,0,136.71,26.5,0,0,0,19.01,73.1
2019,7,2,0,30,0,0,0,137.67,26.4,0,0,0,19.01,73.1
2019,7,2,1,30,0,0,0,133.76,26.3,0,0,0,19.01,73.1
2019,7,2,2,30,0,0,0,126.02,26.1,0,0,0,19.01,73.1
2019,7,2,3,30,0,0,0,115.84,26,0,0,0,19.01,73.1
2019,7,2,4,30,0,0,0,104.2,26,0,0,0,19.01,73.1
2019,7,2,5,30,0,0,0,91.67,26.2,0,0,0,19.01,73.1
2019,7,2,6,30,20,20,0,78.53,26.8,157,82,114,19.01,73.1
2019,7,2,7,30,53,53,0,65.16,27.4,397,150,317,19.01,73.1
2019,7,2,8,30,103,103,0,51.54,28,550,185,527,19.01,73.1
2019,7,2,9,30,164,167,4,37.79,28.7,642,204,711,19.01,73.1
2019,7,2,10,30,78,78,0,24.01,29.1,693,217,850,19.01,73.1
2019,7,2,11,30,476,560,85,10.5,29.4,531,363,886,19.01,73.1
2019,7,2,12,30,362,385,23,5.89,29.6,567,342,905,19.01,73.1
2019,7,2,13,30,440,503,67,18.71,29.7,571,316,857,19.01,73.1
2019,7,2,14,30,242,253,12,32.46,29.5,523,301,742,19.01,73.1
2019,7,2,15,30,277,304,39,46.24,29.1,462,261,581,19.01,73.1
2019,7,2,16,30,209,258,98,59.93,28.4,349,210,384,19.01,73.1
2019,7,2,17,30,15,15,0,73.41,27.6,165,131,178,19.01,73.1
2019,7,2,18,30,3,3,0,86.49,26.9,2,13,13,19.01,73.1
2019,7,2,19,30,0,0,0,99.46,26.6,0,0,0,19.01,73.1
2019,7,2,20,30,0,0,0,111.51,26.5,0,0,0,19.01,73.1
2019,7,2,21,30,0,0,0,122.36,26.4,0,0,0,19.01,73.1
2019,7,2,22,30,0,0,0,131.2,26.3,0,0,0,19.01,73.1
2019,7,2,23,30,0,0,0,136.76,26.3,0,0,0,19.01,73.1
2019,7,3,0,30,0,0,0,137.74,26.3,0,0,0,19.01,73.1
2019,7,3,1,30,0,0,0,133.84,26.3,0,0,0,19.01,73.1
2019,7,3,2,30,0,0,0,126.11,26.2,0,0,0,19.01,73.1
2019,7,3,3,30,0,0,0,115.92,26.2,0,0,0,19.01,73.1
2019,7,3,4,30,0,0,0,104.27,26.1,0,0,0,19.01,73.1
2019,7,3,5,30,0,0,0,91.74,26.4,0,0,0,19.01,73.1
2019,7,3,6,30,6,6,0,78.59,27,139,84,112,19.01,73.1
2019,7,3,7,30,34,34,0,65.22,27.5,378,156,315,19.01,73.1
2019,7,3,8,30,140,140,0,51.59,27.9,523,198,523,19.01,73.1
2019,7,3,9,30,310,335,32,37.84,28.2,612,222,706,19.01,73.1
2019,7,3,10,30,386,424,41,24.04,28.4,678,228,846,19.01,73.1
2019,7,3,11,30,420,460,40,10.52,28.6,711,229,927,19.01,73.1
2019,7,3,12,30,429,471,41,5.81,28.8,730,218,944,19.01,73.1
2019,7,3,13,30,416,462,48,18.66,28.8,741,196,898,19.01,73.1
2019,7,3,14,30,150,152,2,32.42,28.8,727,173,786,19.01,73.1
2019,7,3,15,30,78,78,0,46.21,28.6,677,152,621,19.01,73.1
2019,7,3,16,30,62,62,0,59.9,28.3,572,128,415,19.01,73.1
2019,7,3,17,30,37,37,0,73.39,27.6,372,93,199,19.01,73.1
2019,7,3,18,30,3,3,0,86.47,26.8,37,21,23,19.01,73.1
2019,7,3,19,30,0,0,0,99.45,26.4,0,0,0,19.01,73.1
2019,7,3,20,30,0,0,0,111.51,26.1,0,0,0,19.01,73.1
2019,7,3,21,30,0,0,0,122.38,25.8,0,0,0,19.01,73.1
2019,7,3,22,30,0,0,0,131.24,25.6,0,0,0,19.01,73.1
2019,7,3,23,30,0,0,0,136.83,25.5,0,0,0,19.01,73.1
2019,7,4,0,30,0,0,0,137.83,25.4,0,0,0,19.01,73.1
2019,7,4,1,30,0,0,0,133.93,25.2,0,0,0,19.01,73.1
2019,7,4,2,30,0,0,0,126.2,25,0,0,0,19.01,73.1
2019,7,4,3,30,0,0,0,116,25,0,0,0,19.01,73.1
2019,7,4,4,30,0,0,0,104.35,24.9,0,0,0,19.01,73.1
2019,7,4,5,30,0,0,0,91.81,25.7,0,0,0,19.01,73.1
2019,7,4,6,30,11,11,0,78.66,26.9,186,77,114,19.01,73.1
2019,7,4,7,30,76,76,0,65.27,28,435,139,321,19.01,73.1
2019,7,4,8,30,276,364,142,51.65,28.9,579,172,532,19.01,73.1
2019,7,4,9,30,367,556,239,37.88,29.4,666,191,717,19.01,73.1
2019,7,4,10,30,203,211,9,24.08,29.6,719,200,856,19.01,73.1
2019,7,4,11,30,273,287,14,10.53,29.5,617,299,905,19.01,73.1
2019,7,4,12,30,385,412,27,5.72,29.4,635,290,921,19.01,73.1
2019,7,4,13,30,362,387,26,18.6,29.1,635,269,872,19.01,73.1
2019,7,4,14,30,180,186,6,32.38,28.7,580,264,754,19.01,73.1
2019,7,4,15,30,121,121,0,46.17,28.2,500,242,588,19.01,73.1
2019,7,4,16,30,19,19,0,59.87,27.5,364,204,387,19.01,73.1
2019,7,4,17,30,15,15,0,73.37,26.7,177,130,180,19.01,73.1
2019,7,4,18,30,3,3,0,86.46,25.9,3,15,15,19.01,73.1
2019,7,4,19,30,0,0,0,99.45,25.6,0,0,0,19.01,73.1
2019,7,4,20,30,0,0,0,111.52,25.4,0,0,0,19.01,73.1
2019,7,4,21,30,0,0,0,122.41,25.3,0,0,0,19.01,73.1
2019,7,4,22,30,0,0,0,131.29,25.1,0,0,0,19.01,73.1
2019,7,4,23,30,0,0,0,136.9,25.1,0,0,0,19.01,73.1
2019,7,5,0,30,0,0,0,137.92,25.1,0,0,0,19.01,73.1
2019,7,5,1,30,0,0,0,134.03,25.2,0,0,0,19.01,73.1
2019,7,5,2,30,0,0,0,126.29,25.5,0,0,0,19.01,73.1
2019,7,5,3,30,0,0,0,116.09,26,0,0,0,19.01,73.1
2019,7,5,4,30,0,0,0,104.42,26.2,0,0,0,19.01,73.1
2019,7,5,5,30,0,0,0,91.88,27,0,0,0,19.01,73.1
2019,7,5,6,30,68,76,39,78.72,28,108,86,107,19.01,73.1
2019,7,5,7,30,124,124,0,65.33,28.8,340,167,309,19.01,73.1
2019,7,5,8,30,240,262,35,51.7,29.4,474,221,514,19.01,73.1
2019,7,5,9,30,373,529,198,37.93,29.7,542,264,692,19.01,73.1
2019,7,5,10,30,347,371,26,24.11,29.9,586,291,827,19.01,73.1
2019,7,5,11,30,94,94,0,10.54,29.9,612,303,905,19.01,73.1
2019,7,5,12,30,96,96,0,5.63,29.9,625,299,921,19.01,73.1
2019,7,5,13,30,85,85,0,18.55,29.7,614,287,869,19.01,73.1
2019,7,5,14,30,65,65,0,32.33,29.4,562,278,753,19.01,73.1
2019,7,5,15,30,70,70,0,46.14,28.9,485,252,587,19.01,73.1
2019,7,5,16,30,22,22,0,59.84,28.3,360,208,388,19.01,73.1
2019,7,5,17,30,21,21,0,73.35,27.7,164,133,180,19.01,73.1
2019,7,5,18,30,6,6,0,86.46,27.3,1,12,12,19.01,73.1
2019,7,5,19,30,0,0,0,99.45,27.1,0,0,0,19.01,73.1
2019,7,5,20,30,0,0,0,111.54,27,0,0,0,19.01,73.1
2019,7,5,21,30,0,0,0,122.44,26.9,0,0,0,19.01,73.1
2019,7,5,22,30,0,0,0,131.34,26.8,0,0,0,19.01,73.1
2019,7,5,23,30,0,0,0,136.98,26.8,0,0,0,19.01,73.1
2019,7,6,0,30,0,0,0,138.02,26.7,0,0,0,19.01,73.1
2019,7,6,1,30,0,0,0,134.13,26.6,0,0,0,19.01,73.1
2019,7,6,2,30,0,0,0,126.39,26.6,0,0,0,19.01,73.1
2019,7,6,3,30,0,0,0,116.18,26.6,0,0,0,19.01,73.1
2019,7,6,4,30,0,0,0,104.5,26.5,0,0,0,19.01,73.1
2019,7,6,5,30,0,0,0,91.95,26.7,0,0,0,19.01,73.1
2019,7,6,6,30,6,6,0,78.78,27,112,86,107,19.01,73.1
2019,7,6,7,30,17,17,0,65.39,27.5,340,167,309,19.01,73.1
2019,7,6,8,30,34,34,0,51.75,28,488,214,516,19.01,73.1
2019,7,6,9,30,55,55,0,37.97,28.4,581,241,699,19.01,73.1
2019,7,6,10,30,101,101,0,24.15,28.6,632,259,836,19.01,73.1
2019,7,6,11,30,290,305,16,10.55,28.8,658,268,915,19.01,73.1
2019,7,6,12,30,189,198,9,5.54,28.8,661,270,928,19.01,73.1
2019,7,6,13,30,101,101,0,18.5,28.8,640,268,875,19.01,73.1
2019,7,6,14,30,216,224,10,32.29,28.6,598,254,760,19.01,73.1
2019,7,6,15,30,95,95,0,46.11,28.3,534,226,596,19.01,73.1
2019,7,6,16,30,74,74,0,59.82,27.9,409,189,395,19.01,73.1
2019,7,6,17,30,55,55,0,73.34,27.5,205,126,184,19.01,73.1
2019,7,6,18,30,9,9,0,86.45,27.1,4,16,16,19.01,73.1
2019,7,6,19,30,0,0,0,99.46,27,0,0,0,19.01,73.1
2019,7,6,20,30,0,0,0,111.56,26.9,0,0,0,19.01,73.1
2019,7,6,21,30,0,0,0,122.48,26.9,0,0,0,19.01,73.1
2019,7,6,22,30,0,0,0,131.4,26.9,0,0,0,19.01,73.1
2019,7,6,23,30,0,0,0,137.07,26.8,0,0,0,19.01,73.1
2019,7,7,0,30,0,0,0,138.12,26.8,0,0,0,19.01,73.1
2019,7,7,1,30,0,0,0,134.24,26.7,0,0,0,19.01,73.1
2019,7,7,2,30,0,0,0,126.49,26.6,0,0,0,19.01,73.1
2019,7,7,3,30,0,0,0,116.27,26.6,0,0,0,19.01,73.1
2019,7,7,4,30,0,0,0,104.59,26.6,0,0,0,19.01,73.1
2019,7,7,5,30,0,0,0,92.03,26.7,0,0,0,19.01,73.1
2019,7,7,6,30,6,6,0,78.85,27.1,80,86,101,19.01,73.1
2019,7,7,7,30,90,90,0,65.45,27.6,291,180,301,19.01,73.1
2019,7,7,8,30,263,307,71,51.8,28.1,445,232,507,19.01,73.1
2019,7,7,9,30,309,334,32,38.01,28.4,543,262,690,19.01,73.1
2019,7,7,10,30,193,201,8,24.18,28.6,597,282,827,19.01,73.1
2019,7,7,11,30,451,508,58,10.55,28.7,615,300,904,19.01,73.1
2019,7,7,12,30,312,329,17,5.44,28.7,618,302,917,19.01,73.1
2019,7,7,13,30,434,491,60,18.45,28.7,591,303,863,19.01,73.1
2019,7,7,14,30,368,413,52,32.26,28.4,482,331,738,19.01,73.1
2019,7,7,15,30,165,166,2,46.08,28.1,379,307,569,19.01,73.1
2019,7,7,16,30,23,23,0,59.8,27.7,256,245,374,19.01,73.1
2019,7,7,17,30,30,30,0,73.33,27.3,99,141,170,19.01,73.1
2019,7,7,18,30,3,3,0,86.45,26.9,0,9,9,19.01,73.1
2019,7,7,19,30,0,0,0,99.47,26.8,0,0,0,19.01,73.1
2019,7,7,20,30,0,0,0,111.58,26.7,0,0,0,19.01,73.1
2019,7,7,21,30,0,0,0,122.52,26.6,0,0,0,19.01,73.1
2019,7,7,22,30,0,0,0,131.47,26.5,0,0,0,19.01,73.1
2019,7,7,23,30,0,0,0,137.16,26.5,0,0,0,19.01,73.1
2019,7,8,0,30,0,0,0,138.23,26.5,0,0,0,19.01,73.1
2019,7,8,1,30,0,0,0,134.35,26.5,0,0,0,19.01,73.1
2019,7,8,2,30,0,0,0,126.59,26.6,0,0,0,19.01,73.1
2019,7,8,3,30,0,0,0,116.36,26.6,0,0,0,19.01,73.1
2019,7,8,4,30,0,0,0,104.67,26.6,0,0,0,19.01,73.1
2019,7,8,5,30,0,0,0,92.1,27,0,0,0,19.01,73.1
2019,7,8,6,30,26,26,0,78.91,27.6,96,85,103,19.01,73.1
2019,7,8,7,30,14,14,0,65.51,28.3,310,174,303,19.01,73.1
2019,7,8,8,30,31,31,0,51.85,28.7,466,223,511,19.01,73.1
2019,7,8,9,30,47,47,0,38.05,29,569,247,695,19.01,73.1
2019,7,8,10,30,165,170,5,24.21,29.1,633,258,836,19.01,73.1
2019,7,8,11,30,95,95,0,10.55,29.2,639,282,910,19.01,73.1
2019,7,8,12,30,82,82,0,5.34,29.2,633,291,922,19.01,73.1
2019,7,8,13,30,73,73,0,18.4,29,588,305,863,19.01,73.1
2019,7,8,14,30,69,69,0,32.22,28.8,513,310,744,19.01,73.1
2019,7,8,15,30,115,115,0,46.05,28.5,417,286,576,19.01,73.1
2019,7,8,16,30,76,76,0,59.78,28.2,289,233,378,19.01,73.1
2019,7,8,17,30,45,45,0,73.32,27.7,123,139,174,19.01,73.1
2019,7,8,18,30,9,9,0,86.45,27.4,1,11,11,19.01,73.1
2019,7,8,19,30,0,0,0,99.49,27.2,0,0,0,19.01,73.1
2019,7,8,20,30,0,0,0,111.61,27.1,0,0,0,19.01,73.1
2019,7,8,21,30,0,0,0,122.57,27,0,0,0,19.01,73.1
2019,7,8,22,30,0,0,0,131.55,27,0,0,0,19.01,73.1
2019,7,8,23,30,0,0,0,137.26,26.9,0,0,0,19.01,73.1
2019,7,9,0,30,0,0,0,138.34,26.9,0,0,0,19.01,73.1
2019,7,9,1,30,0,0,0,134.46,26.9,0,0,0,19.01,73.1
2019,7,9,2,30,0,0,0,126.7,26.8,0,0,0,19.01,73.1
2019,7,9,3,30,0,0,0,116.46,26.8,0,0,0,19.01,73.1
2019,7,9,4,30,0,0,0,104.75,26.8,0,0,0,19.01,73.1
2019,7,9,5,30,0,0,0,92.18,27,0,0,0,19.01,73.1
2019,7,9,6,30,7,7,0,78.98,27.4,147,80,108,19.01,73.1
2019,7,9,7,30,17,17,0,65.56,28,392,149,311,19.01,73.1
2019,7,9,8,30,34,34,0,51.9,28.5,539,189,521,19.01,73.1
2019,7,9,9,30,57,57,0,38.09,28.9,631,210,707,19.01,73.1
2019,7,9,10,30,80,80,0,24.24,29.1,687,221,847,19.01,73.1
2019,7,9,11,30,96,96,0,10.55,29.2,424,447,863,19.01,73.1
2019,7,9,12,30,100,100,0,5.24,29.2,470,418,886,19.01,73.1
2019,7,9,13,30,90,90,0,18.35,29.1,480,385,840,19.01,73.1
2019,7,9,14,30,67,67,0,32.18,29,535,295,748,19.01,73.1
2019,7,9,15,30,44,44,0,46.03,28.8,454,267,582,19.01,73.1
2019,7,9,16,30,23,23,0,59.77,28.4,317,223,382,19.01,73.1
2019,7,9,17,30,10,10,0,73.31,27.9,135,137,176,19.01,73.1
2019,7,9,18,30,4,4,0,86.46,27.5,1,11,11,19.01,73.1
2019,7,9,19,30,0,0,0,99.5,27.3,0,0,0,19.01,73.1
2019,7,9,20,30,0,0,0,111.65,27.1,0,0,0,19.01,73.1
2019,7,9,21,30,0,0,0,122.63,27.1,0,0,0,19.01,73.1
2019,7,9,22,30,0,0,0,131.63,27,0,0,0,19.01,73.1
2019,7,9,23,30,0,0,0,137.36,26.9,0,0,0,19.01,73.1
2019,7,10,0,30,0,0,0,138.46,26.8,0,0,0,19.01,73.1
2019,7,10,1,30,0,0,0,134.59,26.7,0,0,0,19.01,73.1
2019,7,10,2,30,0,0,0,126.81,26.6,0,0,0,19.01,73.1
2019,7,10,3,30,0,0,0,116.56,26.6,0,0,0,19.01,73.1
2019,7,10,4,30,0,0,0,104.84,26.5,0,0,0,19.01,73.1
2019,7,10,5,30,0,0,0,92.25,26.9,0,0,0,19.01,73.1
2019,7,10,6,30,15,15,0,79.05,27.6,95,83,101,19.01,73.1
2019,7,10,7,30,45,45,0,65.62,28.4,320,170,302,19.01,73.1
2019,7,10,8,30,107,107,0,51.95,29,473,219,510,19.01,73.1
2019,7,10,9,30,61,61,0,38.13,29.4,561,251,692,19.01,73.1
2019,7,10,10,30,121,121,0,24.26,29.7,612,272,830,19.01,73.1
2019,7,10,11,30,192,201,9,10.55,29.8,632,286,908,19.01,73.1
2019,7,10,12,30,143,146,3,5.14,29.6,636,289,922,19.01,73.1
2019,7,10,13,30,73,73,0,18.3,29.2,614,286,869,19.01,73.1
2019,7,10,14,30,56,56,0,32.15,28.8,481,332,739,19.01,73.1
2019,7,10,15,30,109,109,0,46.01,28.4,408,293,576,19.01,73.1
2019,7,10,16,30,34,34,0,59.75,27.9,271,241,378,19.01,73.1
2019,7,10,17,30,9,9,0,73.31,27.3,98,142,170,19.01,73.1
2019,7,10,18,30,3,3,0,86.46,27,0,8,8,19.01,73.1
2019,7,10,19,30,0,0,0,99.53,26.8,0,0,0,19.01,73.1
2019,7,10,20,30,0,0,0,111.69,26.8,0,0,0,19.01,73.1
2019,7,10,21,30,0,0,0,122.69,26.8,0,0,0,19.01,73.1
2019,7,10,22,30,0,0,0,131.71,26.7,0,0,0,19.01,73.1
2019,7,10,23,30,0,0,0,137.48,26.7,0,0,0,19.01,73.1
2019,7,11,0,30,0,0,0,138.59,26.6,0,0,0,19.01,73.1
2019,7,11,1,30,0,0,0,134.71,26.5,0,0,0,19.01,73.1
2019,7,11,2,30,0,0,0,126.93,26.6,0,0,0,19.01,73.1
2019,7,11,3,30,0,0,0,116.66,26.6,0,0,0,19.01,73.1
2019,7,11,4,30,0,0,0,104.93,26.6,0,0,0,19.01,73.1
2019,7,11,5,30,0,0,0,92.33,26.9,0,0,0,19.01,73.1
2019,7,11,6,30,7,7,0,79.11,27.3,55,84,94,19.01,73.1
2019,7,11,7,30,17,17,0,65.68,27.9,250,191,293,19.01,73.1
2019,7,11,8,30,220,233,21,52,28.3,387,259,497,19.01,73.1
2019,7,11,9,30,177,181,5,38.17,28.6,453,317,673,19.01,73.1
2019,7,11,10,30,323,342,21,24.29,28.8,487,361,805,19.01,73.1
2019,7,11,11,30,342,362,20,10.55,28.9,464,417,873,19.01,73.1
2019,7,11,12,30,457,514,57,5.04,28.9,478,414,890,19.01,73.1
2019,7,11,13,30,147,150,3,18.25,28.9,467,396,840,19.01,73.1
2019,7,11,14,30,337,365,33,32.12,28.7,420,373,728,19.01,73.1
2019,7,11,15,30,168,169,3,45.99,28.4,341,329,566,19.01,73.1
2019,7,11,16,30,197,220,46,59.74,28,231,256,372,19.01,73.1
2019,7,11,17,30,97,99,7,73.31,27.5,84,143,168,19.01,73.1
2019,7,11,18,30,7,7,0,86.48,27.1,0,7,7,19.01,73.1
2019,7,11,19,30,0,0,0,99.55,26.9,0,0,0,19.01,73.1
2019,7,11,20,30,0,0,0,111.73,26.9,0,0,0,19.01,73.1
2019,7,11,21,30,0,0,0,122.75,26.9,0,0,0,19.01,73.1
2019,7,11,22,30,0,0,0,131.8,26.8,0,0,0,19.01,73.1
2019,7,11,23,30,0,0,0,137.59,26.7,0,0,0,19.01,73.1
2019,7,12,0,30,0,0,0,138.73,26.7,0,0,0,19.01,73.1
2019,7,12,1,30,0,0,0,134.85,26.6,0,0,0,19.01,73.1
2019,7,12,2,30,0,0,0,127.05,26.5,0,0,0,19.01,73.1
2019,7,12,3,30,0,0,0,116.76,26.4,0,0,0,19.01,73.1
2019,7,12,4,30,0,0,0,105.02,26.4,0,0,0,19.01,73.1
2019,7,12,5,30,0,0,0,92.41,26.6,0,0,0,19.01,73.1
2019,7,12,6,30,9,9,0,79.18,27.2,79,83,98,19.01,73.1
2019,7,12,7,30,52,52,0,65.74,28,324,168,301,19.01,73.1
2019,7,12,8,30,86,86,0,52.04,28.7,489,211,512,19.01,73.1
2019,7,12,9,30,290,310,24,38.21,29.3,585,237,697,19.01,73.1
2019,7,12,10,30,364,393,32,24.31,29.5,642,252,837,19.01,73.1
2019,7,12,11,30,490,604,116,10.54,29.6,669,260,918,19.01,73.1
2019,7,12,12,30,486,573,88,4.93,29.6,669,265,931,19.01,73.1
2019,7,12,13,30,448,518,74,18.21,29.5,657,256,880,19.01,73.1
2019,7,12,14,30,302,319,21,32.09,29.4,622,240,767,19.01,73.1
2019,7,12,15,30,182,186,5,45.97,29.1,562,211,602,19.01,73.1
2019,7,12,16,30,152,153,2,59.74,28.6,447,175,401,19.01,73.1
2019,7,12,17,30,107,126,66,73.32,27.9,249,118,189,19.01,73.1
2019,7,12,18,30,7,7,0,86.49,27.3,8,18,19,19.01,73.1
2019,7,12,19,30,0,0,0,99.58,27,0,0,0,19.01,73.1
2019,7,12,20,30,0,0,0,111.78,26.8,0,0,0,19.01,73.1
2019,7,12,21,30,0,0,0,122.82,26.6,0,0,0,19.01,73.1
2019,7,12,22,30,0,0,0,131.9,26.5,0,0,0,19.01,73.1
2019,7,12,23,30,0,0,0,137.72,26.4,0,0,0,19.01,73.1
2019,7,13,0,30,0,0,0,138.87,26.4,0,0,0,19.01,73.1
2019,7,13,1,30,0,0,0,134.98,26.3,0,0,0,19.01,73.1
2019,7,13,2,30,0,0,0,127.17,26.3,0,0,0,19.01,73.1
2019,7,13,3,30,0,0,0,116.87,26.2,0,0,0,19.01,73.1
2019,7,13,4,30,0,0,0,105.11,26.2,0,0,0,19.01,73.1
2019,7,13,5,30,0,0,0,92.48,26.5,0,0,0,19.01,73.1
2019,7,13,6,30,77,105,148,79.25,27.3,148,77,105,19.01,73.1
2019,7,13,7,30,140,311,417,65.79,28.1,417,140,311,19.01,73.1
2019,7,13,8,30,104,104,0,52.09,28.8,577,171,525,19.01,73.1
2019,7,13,9,30,141,141,0,38.25,29.3,663,191,712,19.01,73.1
2019,7,13,10,30,351,376,28,24.34,29.6,707,207,852,19.01,73.1
2019,7,13,11,30,336,355,20,10.54,29.7,608,306,904,19.01,73.1
2019,7,13,12,30,295,310,16,4.83,29.8,614,307,919,19.01,73.1
2019,7,13,13,30,301,317,17,18.17,29.7,594,303,867,19.01,73.1
2019,7,13,14,30,273,287,16,32.07,29.4,555,283,753,19.01,73.1
2019,7,13,15,30,96,96,0,45.96,29,497,245,590,19.01,73.1
2019,7,13,16,30,20,20,0,59.73,28.4,394,194,393,19.01,73.1
2019,7,13,17,30,15,15,0,73.32,27.8,206,125,184,19.01,73.1
2019,7,13,18,30,3,3,0,86.51,27.3,4,16,16,19.01,73.1
2019,7,13,19,30,0,0,0,99.62,27,0,0,0,19.01,73.1
2019,7,13,20,30,0,0,0,111.83,26.9,0,0,0,19.01,73.1
2019,7,13,21,30,0,0,0,122.9,26.8,0,0,0,19.01,73.1
2019,7,13,22,30,0,0,0,132.01,26.7,0,0,0,19.01,73.1
2019,7,13,23,30,0,0,0,137.85,26.6,0,0,0,19.01,73.1
2019,7,14,0,30,0,0,0,139.01,26.5,0,0,0,19.01,73.1
2019,7,14,1,30,0,0,0,135.12,26.5,0,0,0,19.01,73.1
2019,7,14,2,30,0,0,0,127.29,26.4,0,0,0,19.01,73.1
2019,7,14,3,30,0,0,0,116.98,26.3,0,0,0,19.01,73.1
2019,7,14,4,30,0,0,0,105.2,26.3,0,0,0,19.01,73.1
2019,7,14,5,30,0,0,0,92.56,26.7,0,0,0,19.01,73.1
2019,7,14,6,30,54,54,0,79.31,27.4,170,75,106,19.01,73.1
2019,7,14,7,30,132,314,445,65.85,28.1,445,132,314,19.01,73.1
2019,7,14,8,30,261,305,72,52.14,28.7,594,163,528,19.01,73.1
2019,7,14,9,30,370,466,123,38.28,29.1,677,184,715,19.01,73.1
2019,7,14,10,30,448,568,132,24.36,29.3,723,198,857,19.01,73.1
2019,7,14,11,30,456,517,62,10.53,29.4,698,240,926,19.01,73.1
2019,7,14,12,30,449,500,51,4.72,29.4,699,243,941,19.01,73.1
2019,7,14,13,30,406,445,41,18.13,29.2,679,242,887,19.01,73.1
2019,7,14,14,30,213,221,9,32.05,28.9,544,291,752,19.01,73.1
2019,7,14,15,30,212,219,10,45.94,28.5,473,259,588,19.01,73.1
2019,7,14,16,30,125,125,0,59.73,28.1,359,209,390,19.01,73.1
2019,7,14,17,30,33,33,0,73.34,27.6,193,128,183,19.01,73.1
2019,7,14,18,30,5,5,0,86.53,27.1,4,16,16,19.01,73.1
2019,7,14,19,30,0,0,0,99.66,26.8,0,0,0,19.01,73.1
2019,7,14,20,30,0,0,0,111.89,26.6,0,0,0,19.01,73.1
2019,7,14,21,30,0,0,0,122.98,26.5,0,0,0,19.01,73.1
2019,7,14,22,30,0,0,0,132.12,26.3,0,0,0,19.01,73.1
2019,7,14,23,30,0,0,0,137.99,26.2,0,0,0,19.01,73.1
2019,7,15,0,30,0,0,0,139.16,26.1,0,0,0,19.01,73.1
2019,7,15,1,30,0,0,0,135.27,26,0,0,0,19.01,73.1
2019,7,15,2,30,0,0,0,127.42,25.9,0,0,0,19.01,73.1
2019,7,15,3,30,0,0,0,117.09,25.9,0,0,0,19.01,73.1
2019,7,15,4,30,0,0,0,105.3,25.9,0,0,0,19.01,73.1
2019,7,15,5,30,0,0,0,92.64,26.4,0,0,0,19.01,73.1
2019,7,15,6,30,78,102,128,79.38,27.3,128,78,102,19.01,73.1
2019,7,15,7,30,155,304,364,65.9,28.1,364,155,304,19.01,73.1
2019,7,15,8,30,207,513,498,52.18,28.8,498,207,513,19.01,73.1
2019,7,15,9,30,306,331,31,38.32,29.3,584,239,697,19.01,73.1
2019,7,15,10,30,406,455,54,24.38,29.6,648,250,840,19.01,73.1
2019,7,15,11,30,196,206,10,10.52,29.7,636,287,912,19.01,73.1
2019,7,15,12,30,499,616,117,4.62,29.6,647,284,929,19.01,73.1
2019,7,15,13,30,463,556,98,18.09,29.5,623,283,875,19.01,73.1
2019,7,15,14,30,68,68,0,32.03,29.2,482,333,741,19.01,73.1
2019,7,15,15,30,305,356,74,45.94,28.8,407,295,578,19.01,73.1
2019,7,15,16,30,94,94,0,59.74,28.2,293,233,381,19.01,73.1
2019,7,15,17,30,15,15,0,73.35,27.5,136,137,176,19.01,73.1
2019,7,15,18,30,11,11,1,86.56,26.9,1,11,11,19.01,73.1
2019,7,15,19,30,0,0,0,99.7,26.7,0,0,0,19.01,73.1
2019,7,15,20,30,0,0,0,111.96,26.6,0,0,0,19.01,73.1
2019,7,15,21,30,0,0,0,123.07,26.5,0,0,0,19.01,73.1
2019,7,15,22,30,0,0,0,132.23,26.4,0,0,0,19.01,73.1
2019,7,15,23,30,0,0,0,138.13,26.3,0,0,0,19.01,73.1
2019,7,16,0,30,0,0,0,139.32,26.3,0,0,0,19.01,73.1
2019,7,16,1,30,0,0,0,135.42,26.2,0,0,0,19.01,73.1
2019,7,16,2,30,0,0,0,127.56,26.2,0,0,0,19.01,73.1
2019,7,16,3,30,0,0,0,117.2,26.1,0,0,0,19.01,73.1
2019,7,16,4,30,0,0,0,105.39,26.1,0,0,0,19.01,73.1
2019,7,16,5,30,0,0,0,92.72,26.5,0,0,0,19.01,73.1
2019,7,16,6,30,13,13,0,79.45,27.2,86,80,96,19.01,73.1
2019,7,16,7,30,49,49,0,65.96,27.8,281,179,293,19.01,73.1
2019,7,16,8,30,244,271,43,52.23,28.4,410,246,497,19.01,73.1
2019,7,16,9,30,324,356,42,38.35,28.8,496,289,679,19.01,73.1
2019,7,16,10,30,444,549,115,24.4,29,550,317,817,19.01,73.1
2019,7,16,11,30,429,472,44,10.51,29.1,527,369,887,19.01,73.1
2019,7,16,12,30,505,690,185,4.51,29,550,355,904,19.01,73.1
2019,7,16,13,30,438,498,63,18.05,28.9,554,331,858,19.01,73.1
2019,7,16,14,30,386,446,71,32.01,28.6,377,400,720,19.01,73.1
2019,7,16,15,30,289,324,50,45.93,28.3,322,338,562,19.01,73.1
2019,7,16,16,30,182,193,22,59.74,27.8,228,255,370,19.01,73.1
2019,7,16,17,30,141,167,91,73.37,27.2,91,141,167,19.01,73.1
2019,7,16,18,30,7,7,0,86.59,26.8,0,7,7,19.01,73.1
2019,7,16,19,30,0,0,0,99.75,26.6,0,0,0,19.01,73.1
2019,7,16,20,30,0,0,0,112.02,26.4,0,0,0,19.01,73.1
2019,7,16,21,30,0,0,0,123.16,26.3,0,0,0,19.01,73.1
2019,7,16,22,30,0,0,0,132.35,26.2,0,0,0,19.01,73.1
2019,7,16,23,30,0,0,0,138.28,26.1,0,0,0,19.01,73.1
2019,7,17,0,30,0,0,0,139.49,26,0,0,0,19.01,73.1
2019,7,17,1,30,0,0,0,135.58,25.9,0,0,0,19.01,73.1
2019,7,17,2,30,0,0,0,127.69,25.8,0,0,0,19.01,73.1
2019,7,17,3,30,0,0,0,117.32,25.8,0,0,0,19.01,73.1
2019,7,17,4,30,0,0,0,105.49,25.8,0,0,0,19.01,73.1
2019,7,17,5,30,0,0,0,92.8,26.1,0,0,0,19.01,73.1
2019,7,17,6,30,8,8,0,79.51,26.9,53,79,89,19.01,73.1
2019,7,17,7,30,163,225,151,66.01,27.7,259,185,290,19.01,73.1
2019,7,17,8,30,268,329,100,52.27,28.4,429,238,500,19.01,73.1
2019,7,17,9,30,368,537,215,38.38,29.1,546,261,688,19.01,73.1
2019,7,17,10,30,428,500,79,24.42,29.5,622,266,832,19.01,73.1
2019,7,17,11,30,464,533,70,10.5,29.8,556,346,892,19.01,73.1
2019,7,17,12,30,491,587,96,4.41,29.9,574,339,911,19.01,73.1
2019,7,17,13,30,476,619,150,18.02,29.9,564,325,861,19.01,73.1
2019,7,17,14,30,411,557,172,31.99,29.7,494,324,744,19.01,73.1
2019,7,17,15,30,228,238,14,45.93,29.4,422,287,580,19.01,73.1
2019,7,17,16,30,138,138,0,59.75,28.8,306,227,381,19.01,73.1
2019,7,17,17,30,104,116,41,73.39,28,138,136,175,19.01,73.1
2019,7,17,18,30,10,10,1,86.63,27.2,1,10,10,19.01,73.1
2019,7,17,19,30,0,0,0,99.8,26.8,0,0,0,19.01,73.1
2019,7,17,20,30,0,0,0,112.1,26.5,0,0,0,19.01,73.1
2019,7,17,21,30,0,0,0,123.26,26.3,0,0,0,19.01,73.1
2019,7,17,22,30,0,0,0,132.48,26.1,0,0,0,19.01,73.1
2019,7,17,23,30,0,0,0,138.44,26,0,0,0,19.01,73.1
2019,7,18,0,30,0,0,0,139.66,25.8,0,0,0,19.01,73.1
2019,7,18,1,30,0,0,0,135.74,25.7,0,0,0,19.01,73.1
2019,7,18,2,30,0,0,0,127.83,25.6,0,0,0,19.01,73.1
2019,7,18,3,30,0,0,0,117.43,25.4,0,0,0,19.01,73.1
2019,7,18,4,30,0,0,0,105.58,25.4,0,0,0,19.01,73.1
2019,7,18,5,30,0,0,0,92.88,26,0,0,0,19.01,73.1
2019,7,18,6,30,47,47,0,79.58,27,83,79,94,19.01,73.1
2019,7,18,7,30,140,146,14,66.07,27.8,318,168,297,19.01,73.1
2019,7,18,8,30,46,46,0,52.31,28.6,489,210,510,19.01,73.1
2019,7,18,9,30,130,130,0,38.41,29.4,597,231,699,19.01,73.1
2019,7,18,10,30,238,843,664,24.44,30,664,238,843,19.01,73.1
2019,7,18,11,30,483,578,97,10.49,30.3,525,371,887,19.01,73.1
2019,7,18,12,30,498,738,241,4.31,30.5,549,360,907,19.01,73.1
2019,7,18,13,30,409,450,43,17.99,30.5,551,336,860,19.01,73.1
2019,7,18,14,30,299,316,20,31.98,30.3,565,279,758,19.01,73.1
2019,7,18,15,30,224,233,13,45.93,29.7,489,251,591,19.01,73.1
2019,7,18,16,30,50,50,0,59.77,28.9,378,202,392,19.01,73.1
2019,7,18,17,30,15,15,0,73.42,27.9,182,129,181,19.01,73.1
2019,7,18,18,30,12,13,2,86.66,27.2,2,12,13,19.01,73.1
2019,7,18,19,30,0,0,0,99.86,26.9,0,0,0,19.01,73.1
2019,7,18,20,30,0,0,0,112.17,26.8,0,0,0,19.01,73.1
2019,7,18,21,30,0,0,0,123.36,26.6,0,0,0,19.01,73.1
2019,7,18,22,30,0,0,0,132.62,26.5,0,0,0,19.01,73.1
2019,7,18,23,30,0,0,0,138.6,26.3,0,0,0,19.01,73.1
2019,7,19,0,30,0,0,0,139.83,26.1,0,0,0,19.01,73.1
2019,7,19,1,30,0,0,0,135.9,26,0,0,0,19.01,73.1
2019,7,19,2,30,0,0,0,127.97,25.9,0,0,0,19.01,73.1
2019,7,19,3,30,0,0,0,117.55,25.8,0,0,0,19.01,73.1
2019,7,19,4,30,0,0,0,105.68,25.7,0,0,0,19.01,73.1
2019,7,19,5,30,0,0,0,92.96,26.2,0,0,0,19.01,73.1
2019,7,19,6,30,58,58,0,79.64,27.2,95,77,94,19.01,73.1
2019,7,19,7,30,160,298,340,66.12,28.1,340,160,298,19.01,73.1
2019,7,19,8,30,200,512,511,52.36,29.1,511,200,512,19.01,73.1
2019,7,19,9,30,372,497,160,38.44,29.9,615,220,702,19.01,73.1
2019,7,19,10,30,451,611,177,24.45,30.6,675,231,846,19.01,73.1
2019,7,19,11,30,491,606,116,10.48,30.9,719,226,933,19.01,73.1
2019,7,19,12,30,487,575,88,4.22,31.1,731,222,951,19.01,73.1
2019,7,19,13,30,475,667,202,17.97,31,725,211,901,19.01,73.1
2019,7,19,14,30,387,649,308,31.97,30.6,621,243,770,19.01,73.1
2019,7,19,15,30,318,454,196,45.93,29.9,546,222,602,19.01,73.1
2019,7,19,16,30,208,317,215,59.78,29.2,435,181,400,19.01,73.1
2019,7,19,17,30,9,9,0,73.44,28.3,239,119,187,19.01,73.1
2019,7,19,18,30,3,3,0,86.71,27.5,9,16,17,19.01,73.1
2019,7,19,19,30,0,0,0,99.92,27.2,0,0,0,19.01,73.1
2019,7,19,20,30,0,0,0,112.26,27,0,0,0,19.01,73.1
2019,7,19,21,30,0,0,0,123.47,26.9,0,0,0,19.01,73.1
2019,7,19,22,30,0,0,0,132.76,26.8,0,0,0,19.01,73.1
2019,7,19,23,30,0,0,0,138.77,26.6,0,0,0,19.01,73.1
2019,7,20,0,30,0,0,0,140.01,26.5,0,0,0,19.01,73.1
2019,7,20,1,30,0,0,0,136.07,26.4,0,0,0,19.01,73.1
2019,7,20,2,30,0,0,0,128.12,26.2,0,0,0,19.01,73.1
2019,7,20,3,30,0,0,0,117.67,26.1,0,0,0,19.01,73.1
2019,7,20,4,30,0,0,0,105.78,26.1,0,0,0,19.01,73.1
2019,7,20,5,30,0,0,0,93.05,26.5,0,0,0,19.01,73.1
2019,7,20,6,30,57,57,0,79.71,27.4,132,74,98,19.01,73.1
2019,7,20,7,30,146,303,389,66.18,28.3,389,146,303,19.01,73.1
2019,7,20,8,30,178,518,557,52.4,29.2,557,178,518,19.01,73.1
2019,7,20,9,30,359,428,88,38.47,30,659,193,709,19.01,73.1
2019,7,20,10,30,251,262,13,24.47,30.7,712,204,852,19.01,73.1
2019,7,20,11,30,497,682,188,10.47,31.1,556,345,892,19.01,73.1
2019,7,20,12,30,491,586,95,4.13,31.2,555,354,907,19.01,73.1
2019,7,20,13,30,393,426,35,17.94,30.7,535,346,855,19.01,73.1
2019,7,20,14,30,64,64,0,31.97,30,442,358,733,19.01,73.1
2019,7,20,15,30,42,42,0,45.94,29.2,356,322,569,19.01,73.1
2019,7,20,16,30,26,26,0,59.8,28.4,242,251,373,19.01,73.1
2019,7,20,17,30,10,10,0,73.48,27.7,68,138,157,19.01,73.1
2019,7,20,18,30,4,4,0,86.75,27.3,0,4,4,19.01,73.1
2019,7,20,19,30,0,0,0,99.98,27.1,0,0,0,19.01,73.1
2019,7,20,20,30,0,0,0,112.34,27,0,0,0,19.01,73.1
2019,7,20,21,30,0,0,0,123.59,26.9,0,0,0,19.01,73.1
2019,7,20,22,30,0,0,0,132.9,26.8,0,0,0,19.01,73.1
2019,7,20,23,30,0,0,0,138.95,26.6,0,0,0,19.01,73.1
2019,7,21,0,30,0,0,0,140.2,26.5,0,0,0,19.01,73.1
2019,7,21,1,30,0,0,0,136.24,26.3,0,0,0,19.01,73.1
2019,7,21,2,30,0,0,0,128.26,26.1,0,0,0,19.01,73.1
2019,7,21,3,30,0,0,0,117.79,25.9,0,0,0,19.01,73.1
2019,7,21,4,30,0,0,0,105.88,25.8,0,0,0,19.01,73.1
2019,7,21,5,30,0,0,0,93.13,25.9,0,0,0,19.01,73.1
2019,7,21,6,30,6,6,0,79.78,26.4,55,74,84,19.01,73.1
2019,7,21,7,30,188,284,238,66.23,27.1,238,188,284,19.01,73.1
2019,7,21,8,30,249,493,400,52.44,27.9,400,249,493,19.01,73.1
2019,7,21,9,30,289,677,496,38.5,28.7,496,289,677,19.01,73.1
2019,7,21,10,30,451,614,180,24.48,29.4,553,313,816,19.01,73.1
2019,7,21,11,30,348,369,21,10.46,29.8,596,314,900,19.01,73.1
2019,7,21,12,30,434,477,43,4.05,30,596,321,916,19.01,73.1
2019,7,21,13,30,474,595,127,17.93,29.9,584,310,866,19.01,73.1
2019,7,21,14,30,399,476,90,31.97,29.6,530,300,750,19.01,73.1
2019,7,21,15,30,313,380,96,45.95,29,449,272,584,19.01,73.1
2019,7,21,16,30,209,253,86,59.82,28.5,332,218,385,19.01,73.1
2019,7,21,17,30,90,90,0,73.51,27.8,159,131,177,19.01,73.1
2019,7,21,18,30,11,12,4,86.8,27.3,4,11,12,19.01,73.1
2019,7,21,19,30,0,0,0,100.05,27,0,0,0,19.01,73.1
2019,7,21,20,30,0,0,0,112.43,26.9,0,0,0,19.01,73.1
2019,7,21,21,30,0,0,0,123.7,26.7,0,0,0,19.01,73.1
2019,7,21,22,30,0,0,0,133.05,26.7,0,0,0,19.01,73.1
2019,7,21,23,30,0,0,0,139.13,26.7,0,0,0,19.01,73.1
2019,7,22,0,30,0,0,0,140.39,26.7,0,0,0,19.01,73.1
2019,7,22,1,30,0,0,0,136.42,26.7,0,0,0,19.01,73.1
2019,7,22,2,30,0,0,0,128.41,26.6,0,0,0,19.01,73.1
2019,7,22,3,30,0,0,0,117.91,26.4,0,0,0,19.01,73.1
2019,7,22,4,30,0,0,0,105.98,26.4,0,0,0,19.01,73.1
2019,7,22,5,30,0,0,0,93.21,26.7,0,0,0,19.01,73.1
2019,7,22,6,30,74,94,116,79.84,27.5,116,74,94,19.01,73.1
2019,7,22,7,30,152,299,366,66.28,28.3,366,152,299,19.01,73.1
2019,7,22,8,30,187,515,538,52.48,29.1,538,187,515,19.01,73.1
2019,7,22,9,30,370,520,191,38.53,29.7,630,211,704,19.01,73.1
2019,7,22,10,30,436,519,91,24.5,30,680,226,845,19.01,73.1
2019,7,22,11,30,444,495,52,10.45,29.8,663,266,918,19.01,73.1
2019,7,22,12,30,496,600,104,3.97,29.5,677,261,936,19.01,73.1
2019,7,22,13,30,447,514,70,17.91,29.2,682,239,888,19.01,73.1
2019,7,22,14,30,392,458,78,31.97,28.9,750,161,797,19.01,73.1
2019,7,22,15,30,162,163,2,45.97,28.6,701,142,629,19.01,73.1
2019,7,22,16,30,118,422,607,59.85,28.3,607,118,422,19.01,73.1
2019,7,22,17,30,51,51,0,73.55,27.8,419,84,203,19.01,73.1
2019,7,22,18,30,6,6,0,86.85,27.4,50,20,23,19.01,73.1
2019,7,22,19,30,0,0,0,100.13,27.2,0,0,0,19.01,73.1
2019,7,22,20,30,0,0,0,112.53,27.1,0,0,0,19.01,73.1
2019,7,22,21,30,0,0,0,123.83,27,0,0,0,19.01,73.1
2019,7,22,22,30,0,0,0,133.21,26.9,0,0,0,19.01,73.1
2019,7,22,23,30,0,0,0,139.32,26.8,0,0,0,19.01,73.1
2019,7,23,0,30,0,0,0,140.59,26.7,0,0,0,19.01,73.1
2019,7,23,1,30,0,0,0,136.6,26.6,0,0,0,19.01,73.1
2019,7,23,2,30,0,0,0,128.57,26.5,0,0,0,19.01,73.1
2019,7,23,3,30,0,0,0,118.04,26.3,0,0,0,19.01,73.1
2019,7,23,4,30,0,0,0,106.08,26.2,0,0,0,19.01,73.1
2019,7,23,5,30,0,0,0,93.29,26.4,0,0,0,19.01,73.1
2019,7,23,6,30,66,102,207,79.91,27.2,207,66,102,19.01,73.1
2019,7,23,7,30,108,316,517,66.33,28,517,108,316,19.01,73.1
2019,7,23,8,30,127,537,674,52.52,28.9,674,127,537,19.01,73.1
2019,7,23,9,30,349,403,69,38.56,29.8,757,137,729,19.01,73.1
2019,7,23,10,30,295,310,17,24.51,30.4,806,142,875,19.01,73.1
2019,7,23,11,30,125,967,856,10.44,30.7,856,125,967,19.01,73.1
2019,7,23,12,30,334,353,19,3.9,30.7,852,131,981,19.01,73.1
2019,7,23,13,30,370,397,28,17.9,30.3,833,133,926,19.01,73.1
2019,7,23,14,30,180,185,6,31.97,29.5,799,131,809,19.01,73.1
2019,7,23,15,30,277,303,38,45.98,28.7,731,127,635,19.01,73.1
2019,7,23,16,30,210,259,98,59.88,28.1,627,111,425,19.01,73.1
2019,7,23,17,30,33,33,0,73.6,27.6,444,79,204,19.01,73.1
2019,7,23,18,30,5,5,0,86.91,27.1,70,20,24,19.01,73.1
2019,7,23,19,30,0,0,0,100.21,26.9,0,0,0,19.01,73.1
2019,7,23,20,30,0,0,0,112.63,26.8,0,0,0,19.01,73.1
2019,7,23,21,30,0,0,0,123.96,26.8,0,0,0,19.01,73.1
2019,7,23,22,30,0,0,0,133.37,26.8,0,0,0,19.01,73.1
2019,7,23,23,30,0,0,0,139.51,26.9,0,0,0,19.01,73.1
2019,7,24,0,30,0,0,0,140.79,27,0,0,0,19.01,73.1
2019,7,24,1,30,0,0,0,136.79,27,0,0,0,19.01,73.1
2019,7,24,2,30,0,0,0,128.72,27,0,0,0,19.01,73.1
2019,7,24,3,30,0,0,0,118.16,27,0,0,0,19.01,73.1
2019,7,24,4,30,0,0,0,106.18,27,0,0,0,19.01,73.1
2019,7,24,5,30,0,0,0,93.37,27,0,0,0,19.01,73.1
2019,7,24,6,30,6,6,0,79.97,27.2,72,76,88,19.01,73.1
2019,7,24,7,30,13,13,0,66.38,27.6,279,175,287,19.01,73.1
2019,7,24,8,30,28,28,0,52.56,27.9,407,245,493,19.01,73.1
2019,7,24,9,30,83,83,0,38.59,28.1,480,298,673,19.01,73.1
2019,7,24,10,30,66,66,0,24.53,28.2,538,323,813,19.01,73.1
2019,7,24,11,30,79,79,0,10.43,28.3,592,317,900,19.01,73.1
2019,7,24,12,30,74,74,0,3.85,28.2,646,283,927,19.01,73.1
2019,7,24,13,30,73,73,0,17.9,28,690,233,889,19.01,73.1
2019,7,24,14,30,205,212,9,31.98,27.9,691,196,782,19.01,73.1
2019,7,24,15,30,66,66,0,46,27.7,634,174,615,19.01,73.1
2019,7,24,16,30,19,19,0,59.91,27.3,525,146,409,19.01,73.1
2019,7,24,17,30,9,9,0,73.64,27,308,104,191,19.01,73.1
2019,7,24,18,30,3,3,0,86.97,26.8,12,17,17,19.01,73.1
2019,7,24,19,30,0,0,0,100.29,26.7,0,0,0,19.01,73.1
2019,7,24,20,30,0,0,0,112.74,26.7,0,0,0,19.01,73.1
2019,7,24,21,30,0,0,0,124.09,26.8,0,0,0,19.01,73.1
2019,7,24,22,30,0,0,0,133.54,26.8,0,0,0,19.01,73.1
2019,7,24,23,30,0,0,0,139.71,26.7,0,0,0,19.01,73.1
2019,7,25,0,30,0,0,0,141,26.7,0,0,0,19.01,73.1
2019,7,25,1,30,0,0,0,136.98,26.7,0,0,0,19.01,73.1
2019,7,25,2,30,0,0,0,128.88,26.6,0,0,0,19.01,73.1
2019,7,25,3,30,0,0,0,118.29,26.5,0,0,0,19.01,73.1
2019,7,25,4,30,0,0,0,106.28,26.5,0,0,0,19.01,73.1
2019,7,25,5,30,0,0,0,93.45,26.8,0,0,0,19.01,73.1
2019,7,25,6,30,6,6,0,80.04,27.4,78,75,88,19.01,73.1
2019,7,25,7,30,16,16,0,66.44,28.1,304,167,289,19.01,73.1
2019,7,25,8,30,33,33,0,52.59,28.6,476,213,502,19.01,73.1
2019,7,25,9,30,56,56,0,38.61,29,568,245,689,19.01,73.1
2019,7,25,10,30,79,79,0,24.54,29.2,618,267,829,19.01,73.1
2019,7,25,11,30,102,102,0,10.43,29.2,637,283,910,19.01,73.1
2019,7,25,12,30,141,143,2,3.8,29.2,639,288,925,19.01,73.1
2019,7,25,13,30,172,178,7,17.9,29,628,277,875,19.01,73.1
2019,7,25,14,30,137,137,0,31.99,28.7,584,264,760,19.01,73.1
2019,7,25,15,30,77,77,0,46.03,28.3,516,235,593,19.01,73.1
2019,7,25,16,30,34,34,0,59.95,27.9,406,189,392,19.01,73.1
2019,7,25,17,30,15,15,0,73.69,27.4,215,121,181,19.01,73.1
2019,7,25,18,30,5,5,0,87.03,27,3,13,13,19.01,73.1
2019,7,25,19,30,0,0,0,100.37,26.9,0,0,0,19.01,73.1
2019,7,25,20,30,0,0,0,112.84,26.8,0,0,0,19.01,73.1
2019,7,25,21,30,0,0,0,124.23,26.8,0,0,0,19.01,73.1
2019,7,25,22,30,0,0,0,133.71,26.7,0,0,0,19.01,73.1
2019,7,25,23,30,0,0,0,139.91,26.6,0,0,0,19.01,73.1
2019,7,26,0,30,0,0,0,141.21,26.6,0,0,0,19.01,73.1
2019,7,26,1,30,0,0,0,137.17,26.5,0,0,0,19.01,73.1
2019,7,26,2,30,0,0,0,129.04,26.4,0,0,0,19.01,73.1
2019,7,26,3,30,0,0,0,118.42,26.4,0,0,0,19.01,73.1
2019,7,26,4,30,0,0,0,106.39,26.3,0,0,0,19.01,73.1
2019,7,26,5,30,0,0,0,93.53,26.5,0,0,0,19.01,73.1
2019,7,26,6,30,7,7,0,80.1,26.8,81,74,88,19.01,73.1
2019,7,26,7,30,18,18,0,66.49,27.3,301,168,288,19.01,73.1
2019,7,26,8,30,33,33,0,52.63,27.8,464,219,500,19.01,73.1
2019,7,26,9,30,56,56,0,38.64,28.2,560,251,688,19.01,73.1
2019,7,26,10,30,79,79,0,24.55,28.5,604,278,827,19.01,73.1
2019,7,26,11,30,96,96,0,10.42,28.7,645,279,914,19.01,73.1
2019,7,26,12,30,99,99,0,3.77,28.8,656,277,931,19.01,73.1
2019,7,26,13,30,91,91,0,17.9,28.7,638,272,879,19.01,73.1
2019,7,26,14,30,90,90,0,32.01,28.5,596,258,763,19.01,73.1
2019,7,26,15,30,57,57,0,46.06,28.1,519,234,594,19.01,73.1
2019,7,26,16,30,24,24,0,59.99,27.7,385,197,389,19.01,73.1
2019,7,26,17,30,10,10,0,73.75,27.2,176,127,176,19.01,73.1
2019,7,26,18,30,3,3,0,87.1,26.9,1,9,9,19.01,73.1
2019,7,26,19,30,0,0,0,100.46,26.8,0,0,0,19.01,73.1
2019,7,26,20,30,0,0,0,112.96,26.7,0,0,0,19.01,73.1
2019,7,26,21,30,0,0,0,124.37,26.6,0,0,0,19.01,73.1
2019,7,26,22,30,0,0,0,133.89,26.5,0,0,0,19.01,73.1
2019,7,26,23,30,0,0,0,140.12,26.4,0,0,0,19.01,73.1
2019,7,27,0,30,0,0,0,141.43,26.3,0,0,0,19.01,73.1
2019,7,27,1,30,0,0,0,137.37,26.3,0,0,0,19.01,73.1
2019,7,27,2,30,0,0,0,129.2,26.2,0,0,0,19.01,73.1
2019,7,27,3,30,0,0,0,118.55,26.2,0,0,0,19.01,73.1
2019,7,27,4,30,0,0,0,106.49,26.2,0,0,0,19.01,73.1
2019,7,27,5,30,0,0,0,93.62,26.3,0,0,0,19.01,73.1
2019,7,27,6,30,8,8,0,80.16,26.6,30,70,75,19.01,73.1
2019,7,27,7,30,20,20,0,66.53,27,178,202,273,19.01,73.1
2019,7,27,8,30,42,42,0,52.67,27.4,304,293,477,19.01,73.1
2019,7,27,9,30,70,70,0,38.66,27.8,389,354,658,19.01,73.1
2019,7,27,10,30,99,99,0,24.57,27.9,440,395,795,19.01,73.1
2019,7,27,11,30,118,118,0,10.42,27.9,459,421,872,19.01,73.1
2019,7,27,12,30,122,122,0,3.75,27.9,467,423,889,19.01,73.1
2019,7,27,13,30,109,109,0,17.91,27.8,467,398,842,19.01,73.1
2019,7,27,14,30,84,84,0,32.03,27.7,457,349,736,19.01,73.1
2019,7,27,15,30,55,55,0,46.09,27.5,386,304,572,19.01,73.1
2019,7,27,16,30,29,29,0,60.04,27.3,259,242,371,19.01,73.1
2019,7,27,17,30,13,13,0,73.81,26.9,88,136,161,19.01,73.1
2019,7,27,18,30,3,3,0,87.17,26.6,0,5,5,19.01,73.1
2019,7,27,19,30,0,0,0,100.56,26.5,0,0,0,19.01,73.1
2019,7,27,20,30,0,0,0,113.08,26.5,0,0,0,19.01,73.1
2019,7,27,21,30,0,0,0,124.52,26.4,0,0,0,19.01,73.1
2019,7,27,22,30,0,0,0,134.08,26.3,0,0,0,19.01,73.1
2019,7,27,23,30,0,0,0,140.34,26.3,0,0,0,19.01,73.1
2019,7,28,0,30,0,0,0,141.66,26.2,0,0,0,19.01,73.1
2019,7,28,1,30,0,0,0,137.57,26.1,0,0,0,19.01,73.1
2019,7,28,2,30,0,0,0,129.36,26.1,0,0,0,19.01,73.1
2019,7,28,3,30,0,0,0,118.68,26.1,0,0,0,19.01,73.1
2019,7,28,4,30,0,0,0,106.59,26.1,0,0,0,19.01,73.1
2019,7,28,5,30,0,0,0,93.7,26.3,0,0,0,19.01,73.1
2019,7,28,6,30,7,7,0,80.23,26.8,37,71,77,19.01,73.1
2019,7,28,7,30,16,16,0,66.58,27.3,198,195,274,19.01,73.1
2019,7,28,8,30,107,107,0,52.7,27.8,340,275,481,19.01,73.1
2019,7,28,9,30,242,252,13,38.69,28,433,327,665,19.01,73.1
2019,7,28,10,30,325,344,21,24.58,28.1,479,367,803,19.01,73.1
2019,7,28,11,30,328,346,19,10.42,28.2,518,378,887,19.01,73.1
2019,7,28,12,30,304,321,16,3.75,28.3,538,369,906,19.01,73.1
2019,7,28,13,30,323,341,19,17.92,28.3,521,359,855,19.01,73.1
2019,7,28,14,30,252,263,13,32.06,28.1,473,339,740,19.01,73.1
2019,7,28,15,30,239,251,17,46.13,27.8,396,299,574,19.01,73.1
2019,7,28,16,30,23,23,0,60.09,27.3,277,236,374,19.01,73.1
2019,7,28,17,30,9,9,0,73.87,26.9,101,135,163,19.01,73.1
2019,7,28,18,30,3,3,0,87.25,26.6,0,4,4,19.01,73.1
2019,7,28,19,30,0,0,0,100.66,26.5,0,0,0,19.01,73.1
2019,7,28,20,30,0,0,0,113.2,26.5,0,0,0,19.01,73.1
2019,7,28,21,30,0,0,0,124.68,26.4,0,0,0,19.01,73.1
2019,7,28,22,30,0,0,0,134.27,26.3,0,0,0,19.01,73.1
2019,7,28,23,30,0,0,0,140.56,26.3,0,0,0,19.01,73.1
2019,7,29,0,30,0,0,0,141.88,26.2,0,0,0,19.01,73.1
2019,7,29,1,30,0,0,0,137.77,26.1,0,0,0,19.01,73.1
2019,7,29,2,30,0,0,0,129.53,26.1,0,0,0,19.01,73.1
2019,7,29,3,30,0,0,0,118.81,26,0,0,0,19.01,73.1
2019,7,29,4,30,0,0,0,106.69,26,0,0,0,19.01,73.1
2019,7,29,5,30,0,0,0,93.78,26.2,0,0,0,19.01,73.1
2019,7,29,6,30,6,6,0,80.29,26.7,43,70,78,19.01,73.1
2019,7,29,7,30,16,16,0,66.63,27.4,217,190,276,19.01,73.1
2019,7,29,8,30,47,47,0,52.74,27.8,340,275,480,19.01,73.1
2019,7,29,9,30,85,85,0,38.71,28,415,339,663,19.01,73.1
2019,7,29,10,30,84,84,0,24.59,28.1,468,375,801,19.01,73.1
2019,7,29,11,30,180,188,8,10.43,27.9,505,387,883,19.01,73.1
2019,7,29,12,30,217,228,11,3.77,27.7,525,379,902,19.01,73.1
2019,7,29,13,30,84,84,0,17.94,27.5,532,350,856,19.01,73.1
2019,7,29,14,30,78,78,0,32.09,27.4,507,316,745,19.01,73.1
2019,7,29,15,30,42,42,0,46.17,27.1,441,275,581,19.01,73.1
2019,7,29,16,30,23,23,0,60.14,26.8,326,218,380,19.01,73.1
2019,7,29,17,30,10,10,0,73.94,26.5,125,133,167,19.01,73.1
2019,7,29,18,30,3,3,0,87.33,26.3,0,6,6,19.01,73.1
2019,7,29,19,30,0,0,0,100.76,26.1,0,0,0,19.01,73.1
2019,7,29,20,30,0,0,0,113.33,26,0,0,0,19.01,73.1
2019,7,29,21,30,0,0,0,124.84,25.9,0,0,0,19.01,73.1
2019,7,29,22,30,0,0,0,134.46,25.8,0,0,0,19.01,73.1
2019,7,29,23,30,0,0,0,140.79,25.8,0,0,0,19.01,73.1
2019,7,30,0,30,0,0,0,142.12,25.7,0,0,0,19.01,73.1
2019,7,30,1,30,0,0,0,137.97,25.7,0,0,0,19.01,73.1
2019,7,30,2,30,0,0,0,129.69,25.7,0,0,0,19.01,73.1
2019,7,30,3,30,0,0,0,118.94,25.6,0,0,0,19.01,73.1
2019,7,30,4,30,0,0,0,106.8,25.6,0,0,0,19.01,73.1
2019,7,30,5,30,0,0,0,93.86,25.8,0,0,0,19.01,73.1
2019,7,30,6,30,7,7,0,80.35,26,58,71,81,19.01,73.1
2019,7,30,7,30,13,13,0,66.68,26.4,278,174,284,19.01,73.1
2019,7,30,8,30,27,27,0,52.77,26.7,423,238,494,19.01,73.1
2019,7,30,9,30,56,56,0,38.73,27,504,284,678,19.01,73.1
2019,7,30,10,30,80,80,0,24.61,27.1,566,306,820,19.01,73.1
2019,7,30,11,30,93,93,0,10.44,27.3,583,327,900,19.01,73.1
2019,7,30,12,30,141,143,2,3.8,27.6,583,333,915,19.01,73.1
2019,7,30,13,30,86,86,0,17.97,27.7,556,333,862,19.01,73.1
2019,7,30,14,30,67,67,0,32.12,27.4,518,309,748,19.01,73.1
2019,7,30,15,30,43,43,0,46.21,27.1,470,260,585,19.01,73.1
2019,7,30,16,30,24,24,0,60.2,26.8,356,207,384,19.01,73.1
2019,7,30,17,30,8,8,0,74.01,26.4,157,128,171,19.01,73.1
2019,7,30,18,30,3,3,0,87.41,26.2,1,7,7,19.01,73.1
2019,7,30,19,30,0,0,0,100.87,26,0,0,0,19.01,73.1
2019,7,30,20,30,0,0,0,113.46,26,0,0,0,19.01,73.1
2019,7,30,21,30,0,0,0,125,26,0,0,0,19.01,73.1
2019,7,30,22,30,0,0,0,134.66,25.9,0,0,0,19.01,73.1
2019,7,30,23,30,0,0,0,141.02,25.9,0,0,0,19.01,73.1
2019,7,31,0,30,0,0,0,142.36,25.9,0,0,0,19.01,73.1
2019,7,31,1,30,0,0,0,138.18,25.9,0,0,0,19.01,73.1
2019,7,31,2,30,0,0,0,129.86,25.9,0,0,0,19.01,73.1
2019,7,31,3,30,0,0,0,119.07,25.9,0,0,0,19.01,73.1
2019,7,31,4,30,0,0,0,106.9,25.9,0,0,0,19.01,73.1
2019,7,31,5,30,0,0,0,93.94,26,0,0,0,19.01,73.1
2019,7,31,6,30,6,6,0,80.41,26.5,95,71,86,19.01,73.1
2019,7,31,7,30,13,13,0,66.72,27.1,346,154,291,19.01,73.1
2019,7,31,8,30,33,33,0,52.81,27.6,511,197,507,19.01,73.1
2019,7,31,9,30,133,133,0,38.75,27.9,634,209,703,19.01,73.1
2019,7,31,10,30,94,94,0,24.62,28,705,211,852,19.01,73.1
2019,7,31,11,30,181,188,8,10.45,28.2,735,215,937,19.01,73.1
2019,7,31,12,30,123,123,0,3.85,28.2,743,213,954,19.01,73.1
2019,7,31,13,30,203,213,10,18,28.2,724,211,900,19.01,73.1
2019,7,31,14,30,349,381,38,32.16,27.9,669,212,778,19.01,73.1
2019,7,31,15,30,130,130,0,46.26,27.4,590,197,605,19.01,73.1
2019,7,31,16,30,47,47,0,60.26,27,485,159,400,19.01,73.1
2019,7,31,17,30,10,10,0,74.08,26.6,288,105,183,19.01,73.1
2019,7,31,18,30,3,3,0,87.49,26.3,7,13,13,19.01,73.1
2019,7,31,19,30,0,0,0,100.98,26.2,0,0,0,19.01,73.1
2019,7,31,20,30,0,0,0,113.6,26.2,0,0,0,19.01,73.1
2019,7,31,21,30,0,0,0,125.17,26.2,0,0,0,19.01,73.1
2019,7,31,22,30,0,0,0,134.87,26.1,0,0,0,19.01,73.1
2019,7,31,23,30,0,0,0,141.26,26,0,0,0,19.01,73.1
2019,8,1,0,30,0,0,0,142.6,26,0,0,0,19.01,73.1
2019,8,1,1,30,0,0,0,138.4,25.9,0,0,0,19.01,73.1
2019,8,1,2,30,0,0,0,130.03,25.8,0,0,0,19.01,73.1
2019,8,1,3,30,0,0,0,119.2,25.7,0,0,0,19.01,73.1
2019,8,1,4,30,0,0,0,107,25.7,0,0,0,19.01,73.1
2019,8,1,5,30,0,0,0,94.02,25.9,0,0,0,19.01,73.1
2019,8,1,6,30,7,7,0,80.47,26.6,70,71,83,19.01,73.1
2019,8,1,7,30,24,24,0,66.77,27.5,306,165,286,19.01,73.1
2019,8,1,8,30,145,145,0,52.84,28.1,462,220,499,19.01,73.1
2019,8,1,9,30,122,122,0,38.78,28.6,546,260,686,19.01,73.1
2019,8,1,10,30,281,295,15,24.63,28.8,608,277,830,19.01,73.1
2019,8,1,11,30,198,207,10,10.46,28.9,631,292,912,19.01,73.1
2019,8,1,12,30,295,311,16,3.91,28.9,623,304,926,19.01,73.1
2019,8,1,13,30,335,355,21,18.03,28.8,586,312,868,19.01,73.1
2019,8,1,14,30,253,264,13,32.2,28.6,494,325,743,19.01,73.1
2019,8,1,15,30,241,253,18,46.31,28.2,405,294,574,19.01,73.1
2019,8,1,16,30,160,163,6,60.32,27.7,288,230,373,19.01,73.1
2019,8,1,17,30,14,14,0,74.16,27.1,134,129,166,19.01,73.1
2019,8,1,18,30,6,6,0,87.58,26.6,0,6,6,19.01,73.1
2019,8,1,19,30,0,0,0,101.09,26.3,0,0,0,19.01,73.1
2019,8,1,20,30,0,0,0,113.74,26.2,0,0,0,19.01,73.1
2019,8,1,21,30,0,0,0,125.34,26.1,0,0,0,19.01,73.1
2019,8,1,22,30,0,0,0,135.08,26,0,0,0,19.01,73.1
2019,8,1,23,30,0,0,0,141.5,25.9,0,0,0,19.01,73.1
2019,8,2,0,30,0,0,0,142.85,25.8,0,0,0,19.01,73.1
2019,8,2,1,30,0,0,0,138.61,25.7,0,0,0,19.01,73.1
2019,8,2,2,30,0,0,0,130.21,25.6,0,0,0,19.01,73.1
2019,8,2,3,30,0,0,0,119.34,25.6,0,0,0,19.01,73.1
2019,8,2,4,30,0,0,0,107.11,25.5,0,0,0,19.01,73.1
2019,8,2,5,30,0,0,0,94.1,25.7,0,0,0,19.01,73.1
2019,8,2,6,30,7,7,0,80.53,26.3,53,70,78,19.01,73.1
2019,8,2,7,30,24,24,0,66.81,27,257,178,279,19.01,73.1
2019,8,2,8,30,27,27,0,52.87,27.6,411,242,490,19.01,73.1
2019,8,2,9,30,93,93,0,38.8,28,514,279,680,19.01,73.1
2019,8,2,10,30,203,211,9,24.65,28.3,581,296,824,19.01,73.1
2019,8,2,11,30,100,100,0,10.48,28.5,593,320,904,19.01,73.1
2019,8,2,12,30,98,98,0,4,28.4,581,336,916,19.01,73.1
2019,8,2,13,30,120,120,0,18.08,28.2,553,335,861,19.01,73.1
2019,8,2,14,30,141,142,1,32.25,27.9,501,320,744,19.01,73.1
2019,8,2,15,30,36,36,0,46.37,27.5,414,289,575,19.01,73.1
2019,8,2,16,30,20,20,0,60.39,27,285,231,372,19.01,73.1
2019,8,2,17,30,50,50,0,74.24,26.7,111,132,162,19.01,73.1
2019,8,2,18,30,4,4,0,87.68,26.4,0,4,4,19.01,73.1
2019,8,2,19,30,0,0,0,101.21,26.3,0,0,0,19.01,73.1
2019,8,2,20,30,0,0,0,113.88,26.2,0,0,0,19.01,73.1
2019,8,2,21,30,0,0,0,125.52,26.1,0,0,0,19.01,73.1
2019,8,2,22,30,0,0,0,135.29,26.1,0,0,0,19.01,73.1
2019,8,2,23,30,0,0,0,141.75,26,0,0,0,19.01,73.1
2019,8,3,0,30,0,0,0,143.1,26,0,0,0,19.01,73.1
2019,8,3,1,30,0,0,0,138.83,25.9,0,0,0,19.01,73.1
2019,8,3,2,30,0,0,0,130.38,25.9,0,0,0,19.01,73.1
2019,8,3,3,30,0,0,0,119.47,25.9,0,0,0,19.01,73.1
2019,8,3,4,30,0,0,0,107.21,25.9,0,0,0,19.01,73.1
2019,8,3,5,30,0,0,0,94.18,26,0,0,0,19.01,73.1
2019,8,3,6,30,6,6,0,80.59,26.2,36,69,74,19.01,73.1
2019,8,3,7,30,16,16,0,66.86,26.6,226,186,275,19.01,73.1
2019,8,3,8,30,33,33,0,52.9,27,368,262,484,19.01,73.1
2019,8,3,9,30,53,53,0,38.82,27.2,451,317,668,19.01,73.1
2019,8,3,10,30,78,78,0,24.66,27.2,493,357,805,19.01,73.1
2019,8,3,11,30,146,149,3,10.5,27.3,511,382,885,19.01,73.1
2019,8,3,12,30,202,212,10,4.1,27.3,508,392,899,19.01,73.1
2019,8,3,13,30,154,158,4,18.13,27.3,496,376,848,19.01,73.1
2019,8,3,14,30,208,215,9,32.3,27.2,441,359,732,19.01,73.1
2019,8,3,15,30,54,54,0,46.43,27.1,358,318,564,19.01,73.1
2019,8,3,16,30,19,19,0,60.46,26.9,253,241,366,19.01,73.1
2019,8,3,17,30,34,34,0,74.32,26.6,85,133,156,19.01,73.1
2019,8,3,18,30,2,2,0,87.77,26.5,0,2,2,19.01,73.1
2019,8,3,19,30,0,0,0,101.33,26.4,0,0,0,19.01,73.1
2019,8,3,20,30,0,0,0,114.03,26.3,0,0,0,19.01,73.1
2019,8,3,21,30,0,0,0,125.7,26.3,0,0,0,19.01,73.1
2019,8,3,22,30,0,0,0,135.52,26.2,0,0,0,19.01,73.1
2019,8,3,23,30,0,0,0,142.01,26,0,0,0,19.01,73.1
2019,8,4,0,30,0,0,0,143.36,25.9,0,0,0,19.01,73.1
2019,8,4,1,30,0,0,0,139.05,25.8,0,0,0,19.01,73.1
2019,8,4,2,30,0,0,0,130.55,25.8,0,0,0,19.01,73.1
2019,8,4,3,30,0,0,0,119.6,25.8,0,0,0,19.01,73.1
2019,8,4,4,30,0,0,0,107.31,25.8,0,0,0,19.01,73.1
2019,8,4,5,30,0,0,0,94.25,26,0,0,0,19.01,73.1
2019,8,4,6,30,5,5,0,80.65,26.4,52,70,78,19.01,73.1
2019,8,4,7,30,16,16,0,66.9,26.9,279,172,281,19.01,73.1
2019,8,4,8,30,27,27,0,52.93,27.3,452,224,496,19.01,73.1
2019,8,4,9,30,56,56,0,38.84,27.6,562,250,688,19.01,73.1
2019,8,4,10,30,81,81,0,24.68,27.7,629,262,834,19.01,73.1
2019,8,4,11,30,98,98,0,10.53,27.7,661,268,918,19.01,73.1
2019,8,4,12,30,99,99,0,4.23,27.7,677,261,937,19.01,73.1
2019,8,4,13,30,85,85,0,18.18,27.7,662,255,884,19.01,73.1
2019,8,4,14,30,65,65,0,32.36,27.5,623,239,766,19.01,73.1
2019,8,4,15,30,56,56,0,46.5,27.2,564,209,597,19.01,73.1
2019,8,4,16,30,21,21,0,60.54,26.9,454,168,391,19.01,73.1
2019,8,4,17,30,51,51,0,74.41,26.5,250,108,175,19.01,73.1
2019,8,4,18,30,6,6,0,87.87,26.2,2,9,9,19.01,73.1
2019,8,4,19,30,0,0,0,101.46,26.2,0,0,0,19.01,73.1
2019,8,4,20,30,0,0,0,114.18,26.2,0,0,0,19.01,73.1
2019,8,4,21,30,0,0,0,125.89,26.2,0,0,0,19.01,73.1
2019,8,4,22,30,0,0,0,135.74,26.1,0,0,0,19.01,73.1
2019,8,4,23,30,0,0,0,142.27,26.1,0,0,0,19.01,73.1
2019,8,5,0,30,0,0,0,143.62,26,0,0,0,19.01,73.1
2019,8,5,1,30,0,0,0,139.28,26.1,0,0,0,19.01,73.1
2019,8,5,2,30,0,0,0,130.73,26.1,0,0,0,19.01,73.1
2019,8,5,3,30,0,0,0,119.74,26.2,0,0,0,19.01,73.1
2019,8,5,4,30,0,0,0,107.41,26.2,0,0,0,19.01,73.1
2019,8,5,5,30,0,0,0,94.33,26.3,0,0,0,19.01,73.1
2019,8,5,6,30,7,7,0,80.71,26.6,38,68,74,19.01,73.1
2019,8,5,7,30,24,24,0,66.94,27.2,208,191,272,19.01,73.1
2019,8,5,8,30,165,166,2,52.96,27.5,337,276,479,19.01,73.1
2019,8,5,9,30,144,144,0,38.86,27.7,421,335,663,19.01,73.1
2019,8,5,10,30,109,109,0,24.7,27.9,491,360,806,19.01,73.1
2019,8,5,11,30,324,342,18,10.56,28,538,363,892,19.01,73.1
2019,8,5,12,30,154,158,5,4.36,28.1,563,349,910,19.01,73.1
2019,8,5,13,30,350,372,23,18.25,28.1,575,318,864,19.01,73.1
2019,8,5,14,30,168,172,5,32.42,27.9,559,281,753,19.01,73.1
2019,8,5,15,30,94,94,0,46.57,27.7,490,247,584,19.01,73.1
2019,8,5,16,30,33,33,0,60.62,27.3,371,198,379,19.01,73.1
2019,8,5,17,30,13,13,0,74.51,26.8,174,120,166,19.01,73.1
2019,8,5,18,30,2,2,0,87.98,26.5,0,5,5,19.01,73.1
2019,8,5,19,30,0,0,0,101.59,26.3,0,0,0,19.01,73.1
2019,8,5,20,30,0,0,0,114.34,26.3,0,0,0,19.01,73.1
2019,8,5,21,30,0,0,0,126.08,26.3,0,0,0,19.01,73.1
2019,8,5,22,30,0,0,0,135.97,26.2,0,0,0,19.01,73.1
2019,8,5,23,30,0,0,0,142.53,26.2,0,0,0,19.01,73.1
2019,8,6,0,30,0,0,0,143.88,26.1,0,0,0,19.01,73.1
2019,8,6,1,30,0,0,0,139.5,26.1,0,0,0,19.01,73.1
2019,8,6,2,30,0,0,0,130.9,26,0,0,0,19.01,73.1
2019,8,6,3,30,0,0,0,119.87,26.1,0,0,0,19.01,73.1
2019,8,6,4,30,0,0,0,107.51,26.1,0,0,0,19.01,73.1
2019,8,6,5,30,0,0,0,94.41,26.4,0,0,0,19.01,73.1
2019,8,6,6,30,5,5,0,80.76,26.8,35,66,72,19.01,73.1
2019,8,6,7,30,16,16,0,66.99,27.3,203,191,271,19.01,73.1
2019,8,6,8,30,63,63,0,52.99,27.6,337,276,479,19.01,73.1
2019,8,6,9,30,217,224,9,38.88,27.7,430,329,664,19.01,73.1
2019,8,6,10,30,197,205,9,24.71,27.7,499,354,807,19.01,73.1
2019,8,6,11,30,148,152,3,10.6,27.7,541,360,892,19.01,73.1
2019,8,6,12,30,229,241,12,4.52,27.8,565,348,912,19.01,73.1
2019,8,6,13,30,272,286,14,18.32,27.9,553,335,860,19.01,73.1
2019,8,6,14,30,130,130,0,32.49,27.7,504,318,743,19.01,73.1
2019,8,6,15,30,180,183,4,46.64,27.4,421,284,573,19.01,73.1
2019,8,6,16,30,19,19,0,60.7,27.1,289,227,369,19.01,73.1
2019,8,6,17,30,8,8,0,74.61,26.7,114,128,158,19.01,73.1
2019,8,6,18,30,2,2,0,88.08,26.4,0,3,3,19.01,73.1
2019,8,6,19,30,0,0,0,101.73,26.3,0,0,0,19.01,73.1
2019,8,6,20,30,0,0,0,114.5,26.3,0,0,0,19.01,73.1
2019,8,6,21,30,0,0,0,126.27,26.2,0,0,0,19.01,73.1
2019,8,6,22,30,0,0,0,136.21,26.2,0,0,0,19.01,73.1
2019,8,6,23,30,0,0,0,142.8,26.2,0,0,0,19.01,73.1
2019,8,7,0,30,0,0,0,144.15,26.2,0,0,0,19.01,73.1
2019,8,7,1,30,0,0,0,139.73,26.2,0,0,0,19.01,73.1
2019,8,7,2,30,0,0,0,131.08,26.2,0,0,0,19.01,73.1
2019,8,7,3,30,0,0,0,120.01,26.2,0,0,0,19.01,73.1
2019,8,7,4,30,0,0,0,107.61,26.2,0,0,0,19.01,73.1
2019,8,7,5,30,0,0,0,94.48,26.2,0,0,0,19.01,73.1
2019,8,7,6,30,7,7,0,80.82,26.5,27,63,68,19.01,73.1
2019,8,7,7,30,24,24,0,67.03,27,184,194,266,19.01,73.1
2019,8,7,8,30,44,44,0,53.02,27.3,321,283,476,19.01,73.1
2019,8,7,9,30,171,174,4,38.9,27.5,408,343,660,19.01,73.1
2019,8,7,10,30,258,270,13,24.73,27.6,459,382,799,19.01,73.1
2019,8,7,11,30,215,226,11,10.65,27.8,492,398,882,19.01,73.1
2019,8,7,12,30,286,301,15,4.69,27.9,517,386,901,19.01,73.1
2019,8,7,13,30,103,103,0,18.39,27.8,528,354,855,19.01,73.1
2019,8,7,14,30,79,79,0,32.56,27.6,488,329,740,19.01,73.1
2019,8,7,15,30,35,35,0,46.72,27.4,418,286,572,19.01,73.1
2019,8,7,16,30,42,42,0,60.79,27.1,312,219,371,19.01,73.1
2019,8,7,17,30,8,8,0,74.71,26.8,134,125,160,19.01,73.1
2019,8,7,18,30,2,2,0,88.19,26.6,0,3,3,19.01,73.1
2019,8,7,19,30,0,0,0,101.87,26.5,0,0,0,19.01,73.1
2019,8,7,20,30,0,0,0,114.67,26.5,0,0,0,19.01,73.1
2019,8,7,21,30,0,0,0,126.47,26.4,0,0,0,19.01,73.1
2019,8,7,22,30,0,0,0,136.45,26.3,0,0,0,19.01,73.1
2019,8,7,23,30,0,0,0,143.07,26.2,0,0,0,19.01,73.1
2019,8,8,0,30,0,0,0,144.43,26.2,0,0,0,19.01,73.1
2019,8,8,1,30,0,0,0,139.96,26.1,0,0,0,19.01,73.1
2019,8,8,2,30,0,0,0,131.26,26.1,0,0,0,19.01,73.1
2019,8,8,3,30,0,0,0,120.14,26.1,0,0,0,19.01,73.1
2019,8,8,4,30,0,0,0,107.71,26,0,0,0,19.01,73.1
2019,8,8,5,30,0,0,0,94.56,26.1,0,0,0,19.01,73.1
2019,8,8,6,30,6,6,0,80.87,26.4,30,64,69,19.01,73.1
2019,8,8,7,30,15,15,0,67.07,26.9,213,188,271,19.01,73.1
2019,8,8,8,30,32,32,0,53.05,27.3,376,258,484,19.01,73.1
2019,8,8,9,30,54,54,0,38.92,27.7,468,307,671,19.01,73.1
2019,8,8,10,30,146,148,3,24.75,27.9,505,350,809,19.01,73.1
2019,8,8,11,30,150,154,4,10.69,28.1,537,364,892,19.01,73.1
2019,8,8,12,30,228,241,12,4.87,28.2,555,357,910,19.01,73.1
2019,8,8,13,30,157,162,5,18.48,28,525,356,854,19.01,73.1
2019,8,8,14,30,136,136,0,32.64,27.7,494,324,740,19.01,73.1
2019,8,8,15,30,87,87,0,46.8,27.3,434,276,573,19.01,73.1
2019,8,8,16,30,25,25,0,60.88,26.9,327,211,370,19.01,73.1
2019,8,8,17,30,9,9,0,74.81,26.5,131,123,158,19.01,73.1
2019,8,8,18,30,2,2,0,88.31,26.3,0,2,2,19.01,73.1
2019,8,8,19,30,0,0,0,102.01,26.3,0,0,0,19.01,73.1
2019,8,8,20,30,0,0,0,114.84,26.2,0,0,0,19.01,73.1
2019,8,8,21,30,0,0,0,126.68,26.2,0,0,0,19.01,73.1
2019,8,8,22,30,0,0,0,136.69,26.1,0,0,0,19.01,73.1
2019,8,8,23,30,0,0,0,143.35,26.1,0,0,0,19.01,73.1
2019,8,9,0,30,0,0,0,144.7,26,0,0,0,19.01,73.1
2019,8,9,1,30,0,0,0,140.2,26,0,0,0,19.01,73.1
2019,8,9,2,30,0,0,0,131.44,26,0,0,0,19.01,73.1
2019,8,9,3,30,0,0,0,120.27,26,0,0,0,19.01,73.1
2019,8,9,4,30,0,0,0,107.81,26,0,0,0,19.01,73.1
2019,8,9,5,30,0,0,0,94.63,26.1,0,0,0,19.01,73.1
2019,8,9,6,30,6,6,0,80.93,26.3,16,58,60,19.01,73.1
2019,8,9,7,30,15,15,0,67.11,26.7,156,199,260,19.01,73.1
2019,8,9,8,30,32,32,0,53.08,27.1,297,291,470,19.01,73.1
2019,8,9,9,30,104,104,0,38.94,27.4,427,329,662,19.01,73.1
2019,8,9,10,30,186,193,8,24.77,27.5,510,345,808,19.01,73.1
2019,8,9,11,30,280,294,15,10.75,27.6,540,360,890,19.01,73.1
2019,8,9,12,30,220,232,12,5.07,27.5,554,356,908,19.01,73.1
2019,8,9,13,30,199,208,9,18.57,27.4,549,336,857,19.01,73.1
2019,8,9,14,30,125,125,0,32.72,27.2,509,312,740,19.01,73.1
2019,8,9,15,30,47,47,0,46.89,27,430,276,570,19.01,73.1
2019,8,9,16,30,31,31,0,60.98,26.7,297,221,365,19.01,73.1
2019,8,9,17,30,20,20,0,74.92,26.4,112,124,153,19.01,73.1
2019,8,9,18,30,2,2,0,88.42,26.3,0,2,2,19.01,73.1
2019,8,9,19,30,0,0,0,102.16,26.2,0,0,0,19.01,73.1
2019,8,9,20,30,0,0,0,115.01,26.2,0,0,0,19.01,73.1
2019,8,9,21,30,0,0,0,126.88,26.1,0,0,0,19.01,73.1
2019,8,9,22,30,0,0,0,136.94,26.1,0,0,0,19.01,73.1
2019,8,9,23,30,0,0,0,143.64,26,0,0,0,19.01,73.1
2019,8,10,0,30,0,0,0,144.98,26,0,0,0,19.01,73.1
2019,8,10,1,30,0,0,0,140.43,25.9,0,0,0,19.01,73.1
2019,8,10,2,30,0,0,0,131.62,25.8,0,0,0,19.01,73.1
2019,8,10,3,30,0,0,0,120.41,25.8,0,0,0,19.01,73.1
2019,8,10,4,30,0,0,0,107.91,25.8,0,0,0,19.01,73.1
2019,8,10,5,30,0,0,0,94.7,25.9,0,0,0,19.01,73.1
2019,8,10,6,30,8,8,0,80.98,26.2,8,52,53,19.01,73.1
2019,8,10,7,30,42,42,0,67.14,26.9,124,206,255,19.01,73.1
2019,8,10,8,30,64,64,0,53.11,27.5,274,303,468,19.01,73.1
2019,8,10,9,30,192,197,7,38.96,27.9,371,365,654,19.01,73.1
2019,8,10,10,30,253,264,13,24.8,28.1,413,415,790,19.01,73.1
2019,8,10,11,30,457,517,61,10.81,28.3,282,561,838,19.01,73.1
2019,8,10,12,30,407,439,32,5.28,28.2,281,571,851,19.01,73.1
2019,8,10,13,30,405,444,41,18.67,28.1,289,532,805,19.01,73.1
2019,8,10,14,30,400,483,100,32.81,27.8,200,511,679,19.01,73.1
2019,8,10,15,30,227,236,14,46.98,27.5,136,419,512,19.01,73.1
2019,8,10,16,30,277,307,61,61.08,27.1,61,277,307,19.01,73.1
2019,8,10,17,30,13,13,0,75.04,26.6,12,103,106,19.01,73.1
2019,8,10,18,30,0,0,0,88.54,26.2,0,0,0,19.01,73.1
2019,8,10,19,30,0,0,0,102.31,26,0,0,0,19.01,73.1
2019,8,10,20,30,0,0,0,115.19,25.8,0,0,0,19.01,73.1
2019,8,10,21,30,0,0,0,127.1,25.7,0,0,0,19.01,73.1
2019,8,10,22,30,0,0,0,137.2,25.6,0,0,0,19.01,73.1
2019,8,10,23,30,0,0,0,143.93,25.4,0,0,0,19.01,73.1
2019,8,11,0,30,0,0,0,145.27,25.3,0,0,0,19.01,73.1
2019,8,11,1,30,0,0,0,140.67,25.2,0,0,0,19.01,73.1
2019,8,11,2,30,0,0,0,131.79,25.2,0,0,0,19.01,73.1
2019,8,11,3,30,0,0,0,120.54,25.2,0,0,0,19.01,73.1
2019,8,11,4,30,0,0,0,108.01,25.2,0,0,0,19.01,73.1
2019,8,11,5,30,0,0,0,94.78,25.4,0,0,0,19.01,73.1
2019,8,11,6,30,10,10,0,81.03,26,19,59,62,19.01,73.1
2019,8,11,7,30,63,63,0,67.18,26.9,190,192,266,19.01,73.1
2019,8,11,8,30,268,480,353,53.13,27.7,353,268,480,19.01,73.1
2019,8,11,9,30,336,378,54,38.99,28.3,435,327,665,19.01,73.1
2019,8,11,10,30,332,352,23,24.82,28.6,489,364,808,19.01,73.1
2019,8,11,11,30,444,494,52,10.88,28.7,514,384,889,19.01,73.1
2019,8,11,12,30,506,642,137,5.5,28.6,521,385,903,19.01,73.1
2019,8,11,13,30,402,440,40,18.77,28.3,489,383,847,19.01,73.1
2019,8,11,14,30,295,311,20,32.91,28.1,426,368,726,19.01,73.1
2019,8,11,15,30,194,199,7,47.08,27.6,326,331,553,19.01,73.1
2019,8,11,16,30,54,54,0,61.19,27.1,198,251,347,19.01,73.1
2019,8,11,17,30,13,13,0,75.15,26.4,52,122,135,19.01,73.1
2019,8,11,18,30,0,0,0,88.66,25.9,0,0,0,19.01,73.1
2019,8,11,19,30,0,0,0,102.46,25.7,0,0,0,19.01,73.1
2019,8,11,20,30,0,0,0,115.37,25.6,0,0,0,19.01,73.1
2019,8,11,21,30,0,0,0,127.31,25.5,0,0,0,19.01,73.1
2019,8,11,22,30,0,0,0,137.45,25.4,0,0,0,19.01,73.1
2019,8,11,23,30,0,0,0,144.22,25.3,0,0,0,19.01,73.1
2019,8,12,0,30,0,0,0,145.56,25.2,0,0,0,19.01,73.1
2019,8,12,1,30,0,0,0,140.9,25.2,0,0,0,19.01,73.1
2019,8,12,2,30,0,0,0,131.97,25.1,0,0,0,19.01,73.1
2019,8,12,3,30,0,0,0,120.67,25,0,0,0,19.01,73.1
2019,8,12,4,30,0,0,0,108.11,25,0,0,0,19.01,73.1
2019,8,12,5,30,0,0,0,94.85,25.3,0,0,0,19.01,73.1
2019,8,12,6,30,19,19,0,81.08,26,10,53,55,19.01,73.1
2019,8,12,7,30,106,106,0,67.22,26.9,137,203,256,19.01,73.1
2019,8,12,8,30,171,173,3,53.16,27.7,271,304,467,19.01,73.1
2019,8,12,9,30,205,212,8,39.01,28.3,370,366,654,19.01,73.1
2019,8,12,10,30,451,589,152,24.85,28.6,441,397,797,19.01,73.1
2019,8,12,11,30,480,567,88,10.95,28.8,368,495,856,19.01,73.1
2019,8,12,12,30,508,666,159,5.74,28.9,397,481,876,19.01,73.1
2019,8,12,13,30,459,545,90,18.89,28.9,381,463,823,19.01,73.1
2019,8,12,14,30,400,486,103,33.01,28.7,344,420,709,19.01,73.1
2019,8,12,15,30,281,313,47,47.18,28.3,264,360,540,19.01,73.1
2019,8,12,16,30,66,66,0,61.3,27.7,153,263,337,19.01,73.1
2019,8,12,17,30,117,125,34,75.27,26.8,34,117,125,19.01,73.1
2019,8,12,18,30,0,0,0,88.79,26.2,0,0,0,19.01,73.1
2019,8,12,19,30,0,0,0,102.62,25.9,0,0,0,19.01,73.1
2019,8,12,20,30,0,0,0,115.56,25.7,0,0,0,19.01,73.1
2019,8,12,21,30,0,0,0,127.53,25.6,0,0,0,19.01,73.1
2019,8,12,22,30,0,0,0,137.72,25.5,0,0,0,19.01,73.1
2019,8,12,23,30,0,0,0,144.52,25.4,0,0,0,19.01,73.1
2019,8,13,0,30,0,0,0,145.85,25.3,0,0,0,19.01,73.1
2019,8,13,1,30,0,0,0,141.14,25.2,0,0,0,19.01,73.1
2019,8,13,2,30,0,0,0,132.15,25.2,0,0,0,19.01,73.1
2019,8,13,3,30,0,0,0,120.8,25.2,0,0,0,19.01,73.1
2019,8,13,4,30,0,0,0,108.2,25.2,0,0,0,19.01,73.1
2019,8,13,5,30,0,0,0,94.92,25.6,0,0,0,19.01,73.1
2019,8,13,6,30,61,65,28,81.13,26.5,28,61,65,19.01,73.1
2019,8,13,7,30,186,266,206,67.26,27.4,206,186,266,19.01,73.1
2019,8,13,8,30,175,178,4,53.19,28.2,370,258,480,19.01,73.1
2019,8,13,9,30,369,475,136,39.03,28.8,487,294,672,19.01,73.1
2019,8,13,10,30,400,446,50,24.87,29.2,560,310,818,19.01,73.1
2019,8,13,11,30,215,225,11,11.04,29.4,606,310,905,19.01,73.1
2019,8,13,12,30,302,319,16,5.98,29.4,618,307,921,19.01,73.1
2019,8,13,13,30,73,73,0,19.01,29.2,602,297,867,19.01,73.1
2019,8,13,14,30,132,132,0,33.11,28.7,440,355,724,19.01,73.1
2019,8,13,15,30,263,284,31,47.29,28.2,357,311,553,19.01,73.1
2019,8,13,16,30,101,101,0,61.41,27.6,217,242,346,19.01,73.1
2019,8,13,17,30,63,63,0,75.4,26.9,55,119,133,19.01,73.1
2019,8,13,18,30,0,0,0,88.91,26.5,0,0,0,19.01,73.1
2019,8,13,19,30,0,0,0,102.78,26.3,0,0,0,19.01,73.1
2019,8,13,20,30,0,0,0,115.74,26.1,0,0,0,19.01,73.1
2019,8,13,21,30,0,0,0,127.76,26,0,0,0,19.01,73.1
2019,8,13,22,30,0,0,0,137.98,25.9,0,0,0,19.01,73.1
2019,8,13,23,30,0,0,0,144.82,25.8,0,0,0,19.01,73.1
2019,8,14,0,30,0,0,0,146.14,25.7,0,0,0,19.01,73.1
2019,8,14,1,30,0,0,0,141.39,25.6,0,0,0,19.01,73.1
2019,8,14,2,30,0,0,0,132.33,25.5,0,0,0,19.01,73.1
2019,8,14,3,30,0,0,0,120.93,25.5,0,0,0,19.01,73.1
2019,8,14,4,30,0,0,0,108.3,25.4,0,0,0,19.01,73.1
2019,8,14,5,30,0,0,0,94.99,25.6,0,0,0,19.01,73.1
2019,8,14,6,30,7,7,0,81.18,26.1,7,48,49,19.01,73.1
2019,8,14,7,30,13,13,0,67.29,26.7,125,203,251,19.01,73.1
2019,8,14,8,30,216,229,21,53.21,27.3,269,302,464,19.01,73.1
2019,8,14,9,30,182,186,5,39.05,27.8,374,360,651,19.01,73.1
2019,8,14,10,30,228,237,11,24.9,28.1,445,390,794,19.01,73.1
2019,8,14,11,30,489,593,106,11.13,28.3,487,400,878,19.01,73.1
2019,8,14,12,30,372,396,24,6.24,28.3,511,388,896,19.01,73.1
2019,8,14,13,30,444,509,69,19.13,28.3,510,364,846,19.01,73.1
2019,8,14,14,30,382,441,70,33.22,28.1,473,335,730,19.01,73.1
2019,8,14,15,30,306,376,104,47.4,27.8,405,287,561,19.01,73.1
2019,8,14,16,30,18,18,0,61.53,27.4,293,218,358,19.01,73.1
2019,8,14,17,30,8,8,0,75.53,26.9,111,118,146,19.01,73.1
2019,8,14,18,30,0,0,0,89.04,26.4,0,0,0,19.01,73.1
2019,8,14,19,30,0,0,0,102.95,26.1,0,0,0,19.01,73.1
2019,8,14,20,30,0,0,0,115.94,26,0,0,0,19.01,73.1
2019,8,14,21,30,0,0,0,127.98,25.8,0,0,0,19.01,73.1
2019,8,14,22,30,0,0,0,138.25,25.8,0,0,0,19.01,73.1
2019,8,14,23,30,0,0,0,145.13,25.7,0,0,0,19.01,73.1
2019,8,15,0,30,0,0,0,146.44,25.6,0,0,0,19.01,73.1
2019,8,15,1,30,0,0,0,141.63,25.6,0,0,0,19.01,73.1
2019,8,15,2,30,0,0,0,132.51,25.6,0,0,0,19.01,73.1
2019,8,15,3,30,0,0,0,121.06,25.5,0,0,0,19.01,73.1
2019,8,15,4,30,0,0,0,108.39,25.5,0,0,0,19.01,73.1
2019,8,15,5,30,0,0,0,95.05,25.7,0,0,0,19.01,73.1
2019,8,15,6,30,42,42,0,81.23,26.4,40,62,68,19.01,73.1
2019,8,15,7,30,55,55,0,67.33,27.2,247,176,271,19.01,73.1
2019,8,15,8,30,232,253,35,53.24,28.1,408,242,486,19.01,73.1
2019,8,15,9,30,325,359,44,39.07,28.7,510,281,677,19.01,73.1
2019,8,15,10,30,378,412,38,24.94,29.1,572,303,821,19.01,73.1
2019,8,15,11,30,417,455,38,11.22,29.2,603,314,905,19.01,73.1
2019,8,15,12,30,179,187,8,6.5,29.2,604,318,918,19.01,73.1
2019,8,15,13,30,263,276,14,19.27,29.1,573,319,859,19.01,73.1
2019,8,15,14,30,180,185,6,33.34,28.8,514,307,737,19.01,73.1
2019,8,15,15,30,262,283,32,47.51,28.3,431,272,563,19.01,73.1
2019,8,15,16,30,52,52,0,61.65,27.7,298,214,356,19.01,73.1
2019,8,15,17,30,56,56,0,75.66,27,106,116,143,19.01,73.1
2019,8,15,18,30,0,0,0,89.17,26.4,0,0,0,19.01,73.1
2019,8,15,19,30,0,0,0,103.11,26.1,0,0,0,19.01,73.1
2019,8,15,20,30,0,0,0,116.13,25.9,0,0,0,19.01,73.1
2019,8,15,21,30,0,0,0,128.22,25.8,0,0,0,19.01,73.1
2019,8,15,22,30,0,0,0,138.53,25.7,0,0,0,19.01,73.1
2019,8,15,23,30,0,0,0,145.44,25.6,0,0,0,19.01,73.1
2019,8,16,0,30,0,0,0,146.75,25.5,0,0,0,19.01,73.1
2019,8,16,1,30,0,0,0,141.87,25.5,0,0,0,19.01,73.1
2019,8,16,2,30,0,0,0,132.69,25.5,0,0,0,19.01,73.1
2019,8,16,3,30,0,0,0,121.19,25.5,0,0,0,19.01,73.1
2019,8,16,4,30,0,0,0,108.49,25.5,0,0,0,19.01,73.1
2019,8,16,5,30,0,0,0,95.12,25.8,0,0,0,19.01,73.1
2019,8,16,6,30,24,24,0,81.28,26.5,44,63,69,19.01,73.1
2019,8,16,7,30,140,150,25,67.36,27.4,269,171,274,19.01,73.1
2019,8,16,8,30,260,315,91,53.26,28.1,436,231,492,19.01,73.1
2019,8,16,9,30,277,292,20,39.1,28.7,543,263,684,19.01,73.1
2019,8,16,10,30,437,521,93,24.97,29.1,596,288,829,19.01,73.1
2019,8,16,11,30,430,473,44,11.33,29.4,608,312,908,19.01,73.1
2019,8,16,12,30,399,429,30,6.77,29.5,603,321,920,19.01,73.1
2019,8,16,13,30,347,369,23,19.41,29.4,582,315,864,19.01,73.1
2019,8,16,14,30,193,199,7,33.46,29,472,337,731,19.01,73.1
2019,8,16,15,30,135,135,0,47.63,28.5,401,288,558,19.01,73.1
2019,8,16,16,30,32,32,0,61.77,27.8,273,222,352,19.01,73.1
2019,8,16,17,30,116,139,94,75.79,27,94,116,139,19.01,73.1
2019,8,16,18,30,0,0,0,89.31,26.4,0,0,0,19.01,73.1
2019,8,16,19,30,0,0,0,103.29,26,0,0,0,19.01,73.1
2019,8,16,20,30,0,0,0,116.33,25.8,0,0,0,19.01,73.1
2019,8,16,21,30,0,0,0,128.45,25.7,0,0,0,19.01,73.1
2019,8,16,22,30,0,0,0,138.81,25.5,0,0,0,19.01,73.1
2019,8,16,23,30,0,0,0,145.75,25.4,0,0,0,19.01,73.1
2019,8,17,0,30,0,0,0,147.05,25.3,0,0,0,19.01,73.1
2019,8,17,1,30,0,0,0,142.12,25.3,0,0,0,19.01,73.1
2019,8,17,2,30,0,0,0,132.87,25.2,0,0,0,19.01,73.1
2019,8,17,3,30,0,0,0,121.32,25.2,0,0,0,19.01,73.1
2019,8,17,4,30,0,0,0,108.58,25.1,0,0,0,19.01,73.1
2019,8,17,5,30,0,0,0,95.19,25.4,0,0,0,19.01,73.1
2019,8,17,6,30,63,73,64,81.33,26.3,64,63,73,19.01,73.1
2019,8,17,7,30,160,279,311,67.39,27.3,311,160,279,19.01,73.1
2019,8,17,8,30,264,331,112,53.29,28.1,464,218,496,19.01,73.1
2019,8,17,9,30,342,389,61,39.12,28.7,549,260,686,19.01,73.1
2019,8,17,10,30,446,555,120,25.01,29.1,595,289,829,19.01,73.1
2019,8,17,11,30,442,492,51,11.44,29.4,508,388,886,19.01,73.1
2019,8,17,12,30,507,660,154,7.05,29.5,531,377,904,19.01,73.1
2019,8,17,13,30,447,517,74,19.56,29.5,530,352,852,19.01,73.1
2019,8,17,14,30,381,441,71,33.58,29.1,499,318,735,19.01,73.1
2019,8,17,15,30,283,319,54,47.75,28.6,420,278,561,19.01,73.1
2019,8,17,16,30,183,204,44,61.9,27.8,301,212,354,19.01,73.1
2019,8,17,17,30,114,141,113,75.93,26.9,113,114,141,19.01,73.1
2019,8,17,18,30,0,0,0,89.44,26.1,0,0,0,19.01,73.1
2019,8,17,19,30,0,0,0,103.46,25.8,0,0,0,19.01,73.1
2019,8,17,20,30,0,0,0,116.53,25.7,0,0,0,19.01,73.1
2019,8,17,21,30,0,0,0,128.69,25.6,0,0,0,19.01,73.1
2019,8,17,22,30,0,0,0,139.09,25.5,0,0,0,19.01,73.1
2019,8,17,23,30,0,0,0,146.07,25.4,0,0,0,19.01,73.1
2019,8,18,0,30,0,0,0,147.36,25.3,0,0,0,19.01,73.1
2019,8,18,1,30,0,0,0,142.36,25.2,0,0,0,19.01,73.1
2019,8,18,2,30,0,0,0,133.05,25,0,0,0,19.01,73.1
2019,8,18,3,30,0,0,0,121.45,24.9,0,0,0,19.01,73.1
2019,8,18,4,30,0,0,0,108.67,24.8,0,0,0,19.01,73.1
2019,8,18,5,30,0,0,0,95.25,25.2,0,0,0,19.01,73.1
2019,8,18,6,30,63,73,66,81.37,26.1,66,63,73,19.01,73.1
2019,8,18,7,30,24,24,0,67.43,27.1,323,156,280,19.01,73.1
2019,8,18,8,30,205,500,494,53.31,27.9,494,205,500,19.01,73.1
2019,8,18,9,30,69,69,0,39.15,28.6,599,231,695,19.01,73.1
2019,8,18,10,30,450,581,144,25.05,29,661,244,843,19.01,73.1
2019,8,18,11,30,328,903,588,11.56,29.2,588,328,903,19.01,73.1
2019,8,18,12,30,317,921,609,7.34,29.3,609,317,921,19.01,73.1
2019,8,18,13,30,304,866,597,19.72,29.2,597,304,866,19.01,73.1
2019,8,18,14,30,400,497,117,33.71,28.9,531,298,740,19.01,73.1
2019,8,18,15,30,296,350,80,47.88,28.5,452,262,565,19.01,73.1
2019,8,18,16,30,189,301,239,62.03,27.9,318,206,355,19.01,73.1
2019,8,18,17,30,112,141,121,76.08,27,121,112,141,19.01,73.1
2019,8,18,18,30,0,0,0,89.58,26.3,0,0,0,19.01,73.1
2019,8,18,19,30,0,0,0,103.64,26,0,0,0,19.01,73.1
2019,8,18,20,30,0,0,0,116.74,25.8,0,0,0,19.01,73.1
2019,8,18,21,30,0,0,0,128.93,25.6,0,0,0,19.01,73.1
2019,8,18,22,30,0,0,0,139.37,25.4,0,0,0,19.01,73.1
2019,8,18,23,30,0,0,0,146.39,25.3,0,0,0,19.01,73.1
2019,8,19,0,30,0,0,0,147.67,25.1,0,0,0,19.01,73.1
2019,8,19,1,30,0,0,0,142.61,24.9,0,0,0,19.01,73.1
2019,8,19,2,30,0,0,0,133.23,24.8,0,0,0,19.01,73.1
2019,8,19,3,30,0,0,0,121.57,24.7,0,0,0,19.01,73.1
2019,8,19,4,30,0,0,0,108.76,24.6,0,0,0,19.01,73.1
2019,8,19,5,30,0,0,0,95.32,25.1,0,0,0,19.01,73.1
2019,8,19,6,30,40,40,0,81.42,26.2,105,62,78,19.01,73.1
2019,8,19,7,30,37,37,0,67.46,27.2,396,135,287,19.01,73.1
2019,8,19,8,30,128,128,0,53.34,28,567,172,510,19.01,73.1
2019,8,19,9,30,158,160,2,39.17,28.7,662,194,707,19.01,73.1
2019,8,19,10,30,447,560,125,25.09,29.1,712,211,856,19.01,73.1
2019,8,19,11,30,354,375,22,11.68,29.3,609,312,909,19.01,73.1
2019,8,19,12,30,506,665,160,7.63,29.3,617,311,923,19.01,73.1
2019,8,19,13,30,468,680,225,19.88,29.1,597,304,866,19.01,73.1
2019,8,19,14,30,301,738,527,33.85,28.6,527,301,738,19.01,73.1
2019,8,19,15,30,268,561,438,48.01,28.1,438,268,561,19.01,73.1
2019,8,19,16,30,209,352,305,62.17,27.3,305,209,352,19.01,73.1
2019,8,19,17,30,112,137,107,76.22,26.5,107,112,137,19.01,73.1
2019,8,19,18,30,0,0,0,89.71,25.9,0,0,0,19.01,73.1
2019,8,19,19,30,0,0,0,103.82,25.7,0,0,0,19.01,73.1
2019,8,19,20,30,0,0,0,116.95,25.5,0,0,0,19.01,73.1
2019,8,19,21,30,0,0,0,129.17,25.4,0,0,0,19.01,73.1
2019,8,19,22,30,0,0,0,139.66,25.4,0,0,0,19.01,73.1
2019,8,19,23,30,0,0,0,146.72,25.3,0,0,0,19.01,73.1
2019,8,20,0,30,0,0,0,147.98,25.2,0,0,0,19.01,73.1
2019,8,20,1,30,0,0,0,142.86,25.1,0,0,0,19.01,73.1
2019,8,20,2,30,0,0,0,133.41,25,0,0,0,19.01,73.1
2019,8,20,3,30,0,0,0,121.7,24.9,0,0,0,19.01,73.1
2019,8,20,4,30,0,0,0,108.85,24.9,0,0,0,19.01,73.1
2019,8,20,5,30,0,0,0,95.38,25.1,0,0,0,19.01,73.1
2019,8,20,6,30,7,7,0,81.46,25.9,71,62,73,19.01,73.1
2019,8,20,7,30,100,100,0,67.49,26.6,328,154,280,19.01,73.1
2019,8,20,8,30,261,317,95,53.37,27.3,500,203,501,19.01,73.1
2019,8,20,9,30,356,422,86,39.2,27.8,600,231,696,19.01,73.1
2019,8,20,10,30,423,710,317,25.14,28.3,657,248,843,19.01,73.1
2019,8,20,11,30,491,724,239,11.82,28.7,696,249,930,19.01,73.1
2019,8,20,12,30,245,946,708,7.93,28.9,708,245,946,19.01,73.1
2019,8,20,13,30,469,590,128,20.05,28.9,699,233,890,19.01,73.1
2019,8,20,14,30,402,563,194,33.99,28.7,642,230,762,19.01,73.1
2019,8,20,15,30,207,582,562,48.15,28.3,562,207,582,19.01,73.1
2019,8,20,16,30,192,282,195,62.31,27.6,426,168,366,19.01,73.1
2019,8,20,17,30,71,71,0,76.37,26.8,195,100,146,19.01,73.1
2019,8,20,18,30,0,0,0,89.85,26.2,0,0,0,19.01,73.1
2019,8,20,19,30,0,0,0,104,25.9,0,0,0,19.01,73.1
2019,8,20,20,30,0,0,0,117.16,25.7,0,0,0,19.01,73.1
2019,8,20,21,30,0,0,0,129.42,25.6,0,0,0,19.01,73.1
2019,8,20,22,30,0,0,0,139.95,25.4,0,0,0,19.01,73.1
2019,8,20,23,30,0,0,0,147.05,25.2,0,0,0,19.01,73.1
2019,8,21,0,30,0,0,0,148.3,25,0,0,0,19.01,73.1
2019,8,21,1,30,0,0,0,143.11,24.9,0,0,0,19.01,73.1
2019,8,21,2,30,0,0,0,133.58,24.8,0,0,0,19.01,73.1
2019,8,21,3,30,0,0,0,121.82,24.6,0,0,0,19.01,73.1
2019,8,21,4,30,0,0,0,108.94,24.6,0,0,0,19.01,73.1
2019,8,21,5,30,0,0,0,95.44,25,0,0,0,19.01,73.1
2019,8,21,6,30,37,37,0,81.51,26.1,131,59,78,19.01,73.1
2019,8,21,7,30,72,72,0,67.53,27.3,439,124,292,19.01,73.1
2019,8,21,8,30,45,45,0,53.39,28.2,610,154,518,19.01,73.1
2019,8,21,9,30,88,88,0,39.23,29,708,169,718,19.01,73.1
2019,8,21,10,30,72,72,0,25.19,29.5,763,176,867,19.01,73.1
2019,8,21,11,30,495,622,130,11.96,29.7,746,211,940,19.01,73.1
2019,8,21,12,30,178,185,8,8.24,29.8,751,210,954,19.01,73.1
2019,8,21,13,30,165,170,5,20.23,29.6,731,210,896,19.01,73.1
2019,8,21,14,30,171,175,5,34.14,29.3,686,201,769,19.01,73.1
2019,8,21,15,30,33,33,0,48.29,28.8,609,182,587,19.01,73.1
2019,8,21,16,30,86,86,0,62.46,28,477,150,370,19.01,73.1
2019,8,21,17,30,8,8,0,76.52,27,242,92,149,19.01,73.1
2019,8,21,18,30,0,0,0,89.99,26.3,0,0,0,19.01,73.1
2019,8,21,19,30,0,0,0,104.19,26,0,0,0,19.01,73.1
2019,8,21,20,30,0,0,0,117.37,25.8,0,0,0,19.01,73.1
2019,8,21,21,30,0,0,0,129.67,25.7,0,0,0,19.01,73.1
2019,8,21,22,30,0,0,0,140.25,25.5,0,0,0,19.01,73.1
2019,8,21,23,30,0,0,0,147.38,25.4,0,0,0,19.01,73.1
2019,8,22,0,30,0,0,0,148.62,25.3,0,0,0,19.01,73.1
2019,8,22,1,30,0,0,0,143.35,25.2,0,0,0,19.01,73.1
2019,8,22,2,30,0,0,0,133.76,25,0,0,0,19.01,73.1
2019,8,22,3,30,0,0,0,121.95,24.8,0,0,0,19.01,73.1
2019,8,22,4,30,0,0,0,109.02,24.8,0,0,0,19.01,73.1
2019,8,22,5,30,0,0,0,95.51,25.1,0,0,0,19.01,73.1
2019,8,22,6,30,57,79,149,81.55,26.2,149,57,79,19.01,73.1
2019,8,22,7,30,124,290,437,67.56,27.1,437,124,290,19.01,73.1
2019,8,22,8,30,193,199,10,53.42,28,584,165,513,19.01,73.1
2019,8,22,9,30,343,391,63,39.26,28.8,671,190,709,19.01,73.1
2019,8,22,10,30,258,269,13,25.24,29.3,722,204,857,19.01,73.1
2019,8,22,11,30,74,74,0,12.11,29.6,729,223,936,19.01,73.1
2019,8,22,12,30,499,615,117,8.55,29.6,733,225,950,19.01,73.1
2019,8,22,13,30,260,273,13,20.42,29.5,717,219,891,19.01,73.1
2019,8,22,14,30,391,472,97,34.29,29.1,641,228,757,19.01,73.1
2019,8,22,15,30,291,341,76,48.44,28.6,564,203,577,19.01,73.1
2019,8,22,16,30,163,362,433,62.6,27.8,433,163,362,19.01,73.1
2019,8,22,17,30,95,143,209,76.68,26.8,209,95,143,19.01,73.1
2019,8,22,18,30,0,0,0,90.14,26,0,0,0,19.01,73.1
2019,8,22,19,30,0,0,0,104.38,25.7,0,0,0,19.01,73.1
2019,8,22,20,30,0,0,0,117.59,25.5,0,0,0,19.01,73.1
2019,8,22,21,30,0,0,0,129.92,25.3,0,0,0,19.01,73.1
2019,8,22,22,30,0,0,0,140.55,25.1,0,0,0,19.01,73.1
2019,8,22,23,30,0,0,0,147.72,24.9,0,0,0,19.01,73.1
2019,8,23,0,30,0,0,0,148.94,24.7,0,0,0,19.01,73.1
2019,8,23,1,30,0,0,0,143.6,24.6,0,0,0,19.01,73.1
2019,8,23,2,30,0,0,0,133.93,24.4,0,0,0,19.01,73.1
2019,8,23,3,30,0,0,0,122.07,24.4,0,0,0,19.01,73.1
2019,8,23,4,30,0,0,0,109.11,24.3,0,0,0,19.01,73.1
2019,8,23,5,30,0,0,0,95.57,24.7,0,0,0,19.01,73.1
2019,8,23,6,30,13,13,0,81.59,25.8,121,59,76,19.01,73.1
2019,8,23,7,30,72,72,0,67.59,26.9,422,128,289,19.01,73.1
2019,8,23,8,30,76,76,0,53.45,27.8,591,163,515,19.01,73.1
2019,8,23,9,30,368,472,134,39.29,28.6,685,183,713,19.01,73.1
2019,8,23,10,30,443,542,110,25.29,29.2,736,196,861,19.01,73.1
2019,8,23,11,30,483,577,96,12.27,29.5,764,199,946,19.01,73.1
2019,8,23,12,30,505,664,160,8.87,29.4,765,202,958,19.01,73.1
2019,8,23,13,30,469,661,205,20.61,29.3,743,200,896,19.01,73.1
2019,8,23,14,30,252,746,600,34.45,29,600,252,746,19.01,73.1
2019,8,23,15,30,299,441,215,48.58,28.7,531,218,569,19.01,73.1
2019,8,23,16,30,190,273,183,62.75,28.1,406,170,356,19.01,73.1
2019,8,23,17,30,95,138,190,76.84,27.1,190,95,138,19.01,73.1
2019,8,23,18,30,0,0,0,90.87,26.2,0,0,0,19.01,73.1
2019,8,23,19,30,0,0,0,104.57,25.8,0,0,0,19.01,73.1
2019,8,23,20,30,0,0,0,117.8,25.5,0,0,0,19.01,73.1
2019,8,23,21,30,0,0,0,130.18,25.3,0,0,0,19.01,73.1
2019,8,23,22,30,0,0,0,140.85,25.2,0,0,0,19.01,73.1
2019,8,23,23,30,0,0,0,148.06,25,0,0,0,19.01,73.1
2019,8,24,0,30,0,0,0,149.27,24.8,0,0,0,19.01,73.1
2019,8,24,1,30,0,0,0,143.85,24.7,0,0,0,19.01,73.1
2019,8,24,2,30,0,0,0,134.11,24.7,0,0,0,19.01,73.1
2019,8,24,3,30,0,0,0,122.19,24.6,0,0,0,19.01,73.1
2019,8,24,4,30,0,0,0,109.2,24.5,0,0,0,19.01,73.1
2019,8,24,5,30,0,0,0,95.63,25,0,0,0,19.01,73.1
2019,8,24,6,30,15,15,0,81.63,26.1,146,58,79,19.01,73.1
2019,8,24,7,30,57,57,0,67.62,27.2,452,121,293,19.01,73.1
2019,8,24,8,30,45,45,0,53.47,28.1,626,147,520,19.01,73.1
2019,8,24,9,30,353,415,80,39.32,28.9,733,156,723,19.01,73.1
2019,8,24,10,30,451,591,155,25.35,29.5,794,157,875,19.01,73.1
2019,8,24,11,30,483,747,271,12.44,29.8,791,179,952,19.01,73.1
2019,8,24,12,30,490,585,97,9.2,29.8,802,175,966,19.01,73.1
2019,8,24,13,30,466,677,226,20.81,29.6,790,169,907,19.01,73.1
2019,8,24,14,30,400,541,171,34.61,29.3,722,178,772,19.01,73.1
2019,8,24,15,30,298,441,218,48.74,28.8,660,155,591,19.01,73.1
2019,8,24,16,30,190,253,138,62.91,28.1,535,127,371,19.01,73.1
2019,8,24,17,30,81,93,52,77,27,301,79,147,19.01,73.1
2019,8,24,18,30,0,0,0,91.05,26.1,0,0,0,19.01,73.1
2019,8,24,19,30,0,0,0,104.77,25.7,0,0,0,19.01,73.1
2019,8,24,20,30,0,0,0,118.03,25.5,0,0,0,19.01,73.1
2019,8,24,21,30,0,0,0,130.43,25.3,0,0,0,19.01,73.1
2019,8,24,22,30,0,0,0,141.16,25.1,0,0,0,19.01,73.1
2019,8,24,23,30,0,0,0,148.41,25,0,0,0,19.01,73.1
2019,8,25,0,30,0,0,0,149.59,24.8,0,0,0,19.01,73.1
2019,8,25,1,30,0,0,0,144.1,24.7,0,0,0,19.01,73.1
2019,8,25,2,30,0,0,0,134.28,24.6,0,0,0,19.01,73.1
2019,8,25,3,30,0,0,0,122.31,24.5,0,0,0,19.01,73.1
2019,8,25,4,30,0,0,0,109.28,24.5,0,0,0,19.01,73.1
2019,8,25,5,30,0,0,0,95.69,24.7,0,0,0,19.01,73.1
2019,8,25,6,30,44,44,0,81.68,25.5,166,55,79,19.01,73.1
2019,8,25,7,30,150,176,70,67.65,26.2,471,115,294,19.01,73.1
2019,8,25,8,30,147,521,629,53.5,26.9,629,147,521,19.01,73.1
2019,8,25,9,30,275,291,20,39.36,27.5,723,162,721,19.01,73.1
2019,8,25,10,30,429,502,81,25.42,28.1,782,165,871,19.01,73.1
2019,8,25,11,30,177,184,7,12.61,28.4,801,172,953,19.01,73.1
2019,8,25,12,30,176,183,7,9.52,28.5,805,174,967,19.01,73.1
2019,8,25,13,30,263,276,14,21.01,28.5,789,170,906,19.01,73.1
2019,8,25,14,30,291,308,20,34.78,28.2,707,186,767,19.01,73.1
2019,8,25,15,30,276,312,54,48.89,27.8,637,166,585,19.01,73.1
2019,8,25,16,30,17,17,0,63.07,27.2,521,131,367,19.01,73.1
2019,8,25,17,30,7,7,0,77.16,26.3,287,80,143,19.01,73.1
2019,8,25,18,30,0,0,0,91.22,25.6,0,0,0,19.01,73.1
2019,8,25,19,30,0,0,0,104.96,25.4,0,0,0,19.01,73.1
2019,8,25,20,30,0,0,0,118.25,25.2,0,0,0,19.01,73.1
2019,8,25,21,30,0,0,0,130.69,25.1,0,0,0,19.01,73.1
2019,8,25,22,30,0,0,0,141.46,24.9,0,0,0,19.01,73.1
2019,8,25,23,30,0,0,0,148.76,24.7,0,0,0,19.01,73.1
2019,8,26,0,30,0,0,0,149.92,24.4,0,0,0,19.01,73.1
2019,8,26,1,30,0,0,0,144.35,24.3,0,0,0,19.01,73.1
2019,8,26,2,30,0,0,0,134.46,24.2,0,0,0,19.01,73.1
2019,8,26,3,30,0,0,0,122.43,24.1,0,0,0,19.01,73.1
2019,8,26,4,30,0,0,0,109.36,24.1,0,0,0,19.01,73.1
2019,8,26,5,30,0,0,0,95.74,24.6,0,0,0,19.01,73.1
2019,8,26,6,30,53,80,192,81.72,25.6,192,53,80,19.01,73.1
2019,8,26,7,30,107,297,500,67.69,26.6,500,107,297,19.01,73.1
2019,8,26,8,30,134,524,655,53.53,27.4,655,134,524,19.01,73.1
2019,8,26,9,30,148,724,745,39.39,28.1,745,148,724,19.01,73.1
2019,8,26,10,30,155,875,797,25.48,28.6,797,155,875,19.01,73.1
2019,8,26,11,30,497,678,185,12.79,28.9,764,198,944,19.01,73.1
2019,8,26,12,30,497,730,236,9.86,29,779,192,959,19.01,73.1
2019,8,26,13,30,450,529,85,21.22,28.9,768,184,899,19.01,73.1
2019,8,26,14,30,351,389,46,34.95,28.6,696,193,763,19.01,73.1
2019,8,26,15,30,299,415,176,49.06,28.1,626,171,581,19.01,73.1
2019,8,26,16,30,137,362,500,63.23,27.4,500,137,362,19.01,73.1
2019,8,26,17,30,23,23,0,77.33,26.4,273,80,140,19.01,73.1
2019,8,26,18,30,0,0,0,91.4,25.5,0,0,0,19.01,73.1
2019,8,26,19,30,0,0,0,105.16,25.2,0,0,0,19.01,73.1
2019,8,26,20,30,0,0,0,118.47,25,0,0,0,19.01,73.1
2019,8,26,21,30,0,0,0,130.96,24.9,0,0,0,19.01,73.1
2019,8,26,22,30,0,0,0,141.77,24.8,0,0,0,19.01,73.1
2019,8,26,23,30,0,0,0,149.11,24.6,0,0,0,19.01,73.1
2019,8,27,0,30,0,0,0,150.25,24.5,0,0,0,19.01,73.1
2019,8,27,1,30,0,0,0,144.6,24.4,0,0,0,19.01,73.1
2019,8,27,2,30,0,0,0,134.63,24.3,0,0,0,19.01,73.1
2019,8,27,3,30,0,0,0,122.55,24.2,0,0,0,19.01,73.1
2019,8,27,4,30,0,0,0,109.44,24.2,0,0,0,19.01,73.1
2019,8,27,5,30,0,0,0,95.8,24.6,0,0,0,19.01,73.1
2019,8,27,6,30,46,46,0,81.76,25.7,190,53,80,19.01,73.1
2019,8,27,7,30,151,186,91,67.72,26.8,503,107,298,19.01,73.1
2019,8,27,8,30,224,240,27,53.56,27.9,662,133,526,19.01,73.1
2019,8,27,9,30,331,370,50,39.43,28.7,749,147,726,19.01,73.1
2019,8,27,10,30,420,481,68,25.55,29.3,800,155,876,19.01,73.1
2019,8,27,11,30,497,686,194,12.98,29.6,822,159,960,19.01,73.1
2019,8,27,12,30,503,698,199,10.2,29.7,826,159,972,19.01,73.1
2019,8,27,13,30,467,596,138,21.44,29.6,813,154,910,19.01,73.1
2019,8,27,14,30,252,262,13,35.13,29.3,775,146,780,19.01,73.1
2019,8,27,15,30,280,322,63,49.22,28.7,709,131,594,19.01,73.1
2019,8,27,16,30,84,84,0,63.39,27.9,585,109,371,19.01,73.1
2019,8,27,17,30,68,144,351,77.5,26.8,351,68,144,19.01,73.1
2019,8,27,18,30,0,0,0,91.59,26,0,0,0,19.01,73.1
2019,8,27,19,30,0,0,0,105.36,25.7,0,0,0,19.01,73.1
2019,8,27,20,30,0,0,0,118.7,25.6,0,0,0,19.01,73.1
2019,8,27,21,30,0,0,0,131.22,25.4,0,0,0,19.01,73.1
2019,8,27,22,30,0,0,0,142.09,25.2,0,0,0,19.01,73.1
2019,8,27,23,30,0,0,0,149.46,25,0,0,0,19.01,73.1
2019,8,28,0,30,0,0,0,150.58,24.8,0,0,0,19.01,73.1
2019,8,28,1,30,0,0,0,144.85,24.7,0,0,0,19.01,73.1
2019,8,28,2,30,0,0,0,134.8,24.5,0,0,0,19.01,73.1
2019,8,28,3,30,0,0,0,122.67,24.4,0,0,0,19.01,73.1
2019,8,28,4,30,0,0,0,109.52,24.4,0,0,0,19.01,73.1
2019,8,28,5,30,0,0,0,95.86,24.9,0,0,0,19.01,73.1
2019,8,28,6,30,54,80,184,81.8,26,184,54,80,19.01,73.1
2019,8,28,7,30,111,297,492,67.75,27.3,492,111,297,19.01,73.1
2019,8,28,8,30,139,523,648,53.59,28.3,648,139,523,19.01,73.1
2019,8,28,9,30,351,576,291,39.47,29.2,750,148,726,19.01,73.1
2019,8,28,10,30,448,566,131,25.63,29.7,807,150,877,19.01,73.1
2019,8,28,11,30,494,622,132,13.18,30.1,798,175,952,19.01,73.1
2019,8,28,12,30,374,399,25,10.54,30.3,802,175,963,19.01,73.1
2019,8,28,13,30,368,395,29,21.66,30.2,788,169,902,19.01,73.1
2019,8,28,14,30,180,184,6,35.31,29.8,755,158,774,19.01,73.1
2019,8,28,15,30,297,410,173,49.39,29.3,683,143,588,19.01,73.1
2019,8,28,16,30,185,254,154,63.56,28.5,559,117,366,19.01,73.1
2019,8,28,17,30,70,140,325,77.67,27.4,325,70,140,19.01,73.1
2019,8,28,18,30,0,0,0,91.77,26.6,0,0,0,19.01,73.1
2019,8,28,19,30,0,0,0,105.57,26.3,0,0,0,19.01,73.1
2019,8,28,20,30,0,0,0,118.93,26.1,0,0,0,19.01,73.1
2019,8,28,21,30,0,0,0,131.49,26,0,0,0,19.01,73.1
2019,8,28,22,30,0,0,0,142.4,25.8,0,0,0,19.01,73.1
2019,8,28,23,30,0,0,0,149.82,25.7,0,0,0,19.01,73.1
2019,8,29,0,30,0,0,0,150.92,25.5,0,0,0,19.01,73.1
2019,8,29,1,30,0,0,0,145.1,25.4,0,0,0,19.01,73.1
2019,8,29,2,30,0,0,0,134.97,25.3,0,0,0,19.01,73.1
2019,8,29,3,30,0,0,0,122.78,25.2,0,0,0,19.01,73.1
2019,8,29,4,30,0,0,0,109.6,25.1,0,0,0,19.01,73.1
2019,8,29,5,30,0,0,0,95.91,25.5,0,0,0,19.01,73.1
2019,8,29,6,30,6,6,0,81.84,26.6,221,50,82,19.01,73.1
2019,8,29,7,30,95,301,546,67.78,27.8,546,95,301,19.01,73.1
2019,8,29,8,30,116,532,700,53.62,28.9,700,116,532,19.01,73.1
2019,8,29,9,30,345,587,314,39.51,29.7,778,130,731,19.01,73.1
2019,8,29,10,30,450,600,166,25.71,30.2,816,143,878,19.01,73.1
2019,8,29,11,30,488,598,112,13.38,30.2,828,152,958,19.01,73.1
2019,8,29,12,30,502,695,197,10.89,30.1,831,153,969,19.01,73.1
2019,8,29,13,30,464,668,220,21.89,29.9,816,149,906,19.01,73.1
2019,8,29,14,30,136,779,789,35.49,29.9,789,136,779,19.01,73.1
2019,8,29,15,30,116,595,739,49.56,29.6,739,116,595,19.01,73.1
2019,8,29,16,30,91,375,641,63.73,28.9,641,91,375,19.01,73.1
2019,8,29,17,30,60,144,398,77.85,27.9,398,60,144,19.01,73.1
2019,8,29,18,30,0,0,0,91.96,27,0,0,0,19.01,73.1
2019,8,29,19,30,0,0,0,105.77,26.7,0,0,0,19.01,73.1
2019,8,29,20,30,0,0,0,119.16,26.6,0,0,0,19.01,73.1
2019,8,29,21,30,0,0,0,131.76,26.4,0,0,0,19.01,73.1
2019,8,29,22,30,0,0,0,142.72,26.3,0,0,0,19.01,73.1
2019,8,29,23,30,0,0,0,150.18,26.1,0,0,0,19.01,73.1
2019,8,30,0,30,0,0,0,151.25,26,0,0,0,19.01,73.1
2019,8,30,1,30,0,0,0,145.34,25.9,0,0,0,19.01,73.1
2019,8,30,2,30,0,0,0,135.14,25.8,0,0,0,19.01,73.1
2019,8,30,3,30,0,0,0,122.89,25.7,0,0,0,19.01,73.1
2019,8,30,4,30,0,0,0,109.68,25.6,0,0,0,19.01,73.1
2019,8,30,5,30,0,0,0,95.97,25.9,0,0,0,19.01,73.1
2019,8,30,6,30,44,44,0,81.88,26.7,206,51,80,19.01,73.1
2019,8,30,7,30,13,13,0,67.81,27.7,507,105,297,19.01,73.1
2019,8,30,8,30,248,283,59,53.65,28.6,652,137,523,19.01,73.1
2019,8,30,9,30,368,477,141,39.56,29.2,726,159,719,19.01,73.1
2019,8,30,10,30,444,547,115,25.79,29.7,776,168,866,19.01,73.1
2019,8,30,11,30,448,503,57,13.59,30,796,174,948,19.01,73.1
2019,8,30,12,30,144,146,2,11.24,29.9,801,173,959,19.01,73.1
2019,8,30,13,30,73,73,0,22.13,29.6,786,168,896,19.01,73.1
2019,8,30,14,30,76,76,0,35.69,29.1,695,190,754,19.01,73.1
2019,8,30,15,30,80,80,0,49.74,28.6,631,165,572,19.01,73.1
2019,8,30,16,30,76,76,0,63.9,28,497,134,352,19.01,73.1
2019,8,30,17,30,81,128,231,78.03,27.2,231,81,128,19.01,73.1
2019,8,30,18,30,0,0,0,92.15,26.6,0,0,0,19.01,73.1
2019,8,30,19,30,0,0,0,105.98,26.4,0,0,0,19.01,73.1
2019,8,30,20,30,0,0,0,119.4,26.3,0,0,0,19.01,73.1
2019,8,30,21,30,0,0,0,132.03,26.2,0,0,0,19.01,73.1
2019,8,30,22,30,0,0,0,143.04,26.1,0,0,0,19.01,73.1
2019,8,30,23,30,0,0,0,150.54,26.1,0,0,0,19.01,73.1
2019,8,31,0,30,0,0,0,151.59,26,0,0,0,19.01,73.1
2019,8,31,1,30,0,0,0,145.59,26,0,0,0,19.01,73.1
2019,8,31,2,30,0,0,0,135.3,26,0,0,0,19.01,73.1
2019,8,31,3,30,0,0,0,123.01,26,0,0,0,19.01,73.1
2019,8,31,4,30,0,0,0,109.76,26,0,0,0,19.01,73.1
2019,8,31,5,30,0,0,0,96.02,26.2,0,0,0,19.01,73.1
2019,8,31,6,30,6,6,0,81.92,26.8,128,56,74,19.01,73.1
2019,8,31,7,30,14,14,0,67.85,27.3,421,128,286,19.01,73.1
2019,8,31,8,30,26,26,0,53.69,27.6,597,160,513,19.01,73.1
2019,8,31,9,30,45,45,0,39.6,28,687,180,710,19.01,73.1
2019,8,31,10,30,76,76,0,25.88,28.4,737,193,856,19.01,73.1
2019,8,31,11,30,93,93,0,13.81,28.6,763,198,938,19.01,73.1
2019,8,31,12,30,79,79,0,11.59,28.9,755,206,945,19.01,73.1
2019,8,31,13,30,215,224,10,22.37,28.9,729,206,880,19.01,73.1
2019,8,31,14,30,103,103,0,35.88,28.7,678,199,749,19.01,73.1
2019,8,31,15,30,109,109,0,49.92,28.2,608,174,566,19.01,73.1
2019,8,31,16,30,43,43,0,64.08,27.6,474,140,347,19.01,73.1
2019,8,31,17,30,12,12,0,78.21,27,206,82,124,19.01,73.1
2019,8,31,18,30,0,0,0,92.34,26.7,0,0,0,19.01,73.1
2019,8,31,19,30,0,0,0,106.19,26.6,0,0,0,19.01,73.1
2019,8,31,20,30,0,0,0,119.63,26.6,0,0,0,19.01,73.1
2019,8,31,21,30,0,0,0,132.3,26.5,0,0,0,19.01,73.1
2019,8,31,22,30,0,0,0,143.36,26.4,0,0,0,19.01,73.1
2019,8,31,23,30,0,0,0,150.91,26.3,0,0,0,19.01,73.1
2019,9,1,0,30,0,0,0,151.93,26.2,0,0,0,19.01,73.1
2019,9,1,1,30,0,0,0,145.84,26,0,0,0,19.01,73.1
2019,9,1,2,30,0,0,0,135.47,25.9,0,0,0,19.01,73.1
2019,9,1,3,30,0,0,0,123.12,25.7,0,0,0,19.01,73.1
2019,9,1,4,30,0,0,0,109.83,25.7,0,0,0,19.01,73.1
2019,9,1,5,30,0,0,0,96.08,25.7,0,0,0,19.01,73.1
2019,9,1,6,30,5,5,0,81.96,26.3,188,52,78,19.01,73.1
2019,9,1,7,30,12,12,0,67.88,26.8,490,110,294,19.01,73.1
2019,9,1,8,30,69,69,0,53.72,27.2,633,145,519,19.01,73.1
2019,9,1,9,30,54,54,0,39.65,27.7,710,168,715,19.01,73.1
2019,9,1,10,30,174,179,6,25.97,27.9,760,179,862,19.01,73.1
2019,9,1,11,30,74,74,0,14.04,27.8,781,186,943,19.01,73.1
2019,9,1,12,30,137,138,1,11.95,27.7,789,182,954,19.01,73.1
2019,9,1,13,30,141,143,1,22.62,27.5,782,171,893,19.01,73.1
2019,9,1,14,30,99,99,0,36.08,27.3,751,157,764,19.01,73.1
2019,9,1,15,30,96,96,0,50.1,27.2,679,142,577,19.01,73.1
2019,9,1,16,30,28,28,0,64.26,27,548,117,355,19.01,73.1
2019,9,1,17,30,16,16,0,78.39,26.4,282,71,128,19.01,73.1
2019,9,1,18,30,0,0,0,92.54,26,0,0,0,19.01,73.1
2019,9,1,19,30,0,0,0,106.4,25.9,0,0,0,19.01,73.1
2019,9,1,20,30,0,0,0,119.87,25.9,0,0,0,19.01,73.1
2019,9,1,21,30,0,0,0,132.57,25.8,0,0,0,19.01,73.1
2019,9,1,22,30,0,0,0,143.68,25.8,0,0,0,19.01,73.1
2019,9,1,23,30,0,0,0,151.27,25.8,0,0,0,19.01,73.1
2019,9,2,0,30,0,0,0,152.27,25.9,0,0,0,19.01,73.1
2019,9,2,1,30,0,0,0,146.08,25.9,0,0,0,19.01,73.1
2019,9,2,2,30,0,0,0,135.63,25.9,0,0,0,19.01,73.1
2019,9,2,3,30,0,0,0,123.23,25.9,0,0,0,19.01,73.1
2019,9,2,4,30,0,0,0,109.91,25.9,0,0,0,19.01,73.1
2019,9,2,5,30,0,0,0,96.13,26,0,0,0,19.01,73.1
2019,9,2,6,30,6,6,0,82,26.6,136,55,74,19.01,73.1
2019,9,2,7,30,38,38,0,67.91,27.3,446,121,289,19.01,73.1
2019,9,2,8,30,108,108,0,53.76,27.9,611,154,515,19.01,73.1
2019,9,2,9,30,193,198,6,39.7,28.5,704,172,714,19.01,73.1
2019,9,2,10,30,347,371,27,26.06,28.9,764,176,863,19.01,73.1
2019,9,2,11,30,374,400,26,14.27,29.1,752,206,935,19.01,73.1
2019,9,2,12,30,304,320,16,12.31,29.2,763,201,947,19.01,73.1
2019,9,2,13,30,383,415,35,22.87,29,752,191,884,19.01,73.1
2019,9,2,14,30,391,542,187,36.29,28.7,663,209,743,19.01,73.1
2019,9,2,15,30,236,252,24,50.29,28.3,601,177,561,19.01,73.1
2019,9,2,16,30,176,260,195,64.44,27.7,472,138,342,19.01,73.1
2019,9,2,17,30,53,53,0,78.58,27,220,77,121,19.01,73.1
2019,9,2,18,30,0,0,0,92.74,26.5,0,0,0,19.01,73.1
2019,9,2,19,30,0,0,0,106.61,26.4,0,0,0,19.01,73.1
2019,9,2,20,30,0,0,0,120.11,26.2,0,0,0,19.01,73.1
2019,9,2,21,30,0,0,0,132.85,26.2,0,0,0,19.01,73.1
2019,9,2,22,30,0,0,0,144.01,26.1,0,0,0,19.01,73.1
2019,9,2,23,30,0,0,0,151.64,26.1,0,0,0,19.01,73.1
2019,9,3,0,30,0,0,0,152.61,26,0,0,0,19.01,73.1
2019,9,3,1,30,0,0,0,146.33,26,0,0,0,19.01,73.1
2019,9,3,2,30,0,0,0,135.79,25.9,0,0,0,19.01,73.1
2019,9,3,3,30,0,0,0,123.33,25.8,0,0,0,19.01,73.1
2019,9,3,4,30,0,0,0,109.98,25.8,0,0,0,19.01,73.1
2019,9,3,5,30,0,0,0,96.18,25.8,0,0,0,19.01,73.1
2019,9,3,6,30,5,5,0,82.03,26.2,131,55,74,19.01,73.1
2019,9,3,7,30,23,23,0,67.94,26.9,428,126,286,19.01,73.1
2019,9,3,8,30,166,167,2,53.79,27.5,579,168,510,19.01,73.1
2019,9,3,9,30,45,45,0,39.75,28.1,662,196,704,19.01,73.1
2019,9,3,10,30,235,246,11,26.16,28.6,713,210,850,19.01,73.1
2019,9,3,11,30,124,124,0,14.51,28.8,740,214,931,19.01,73.1
2019,9,3,12,30,170,176,6,12.67,28.8,746,213,940,19.01,73.1
2019,9,3,13,30,112,112,0,23.13,28.7,727,207,876,19.01,73.1
2019,9,3,14,30,67,67,0,36.5,28.5,680,197,744,19.01,73.1
2019,9,3,15,30,37,37,0,50.48,28,593,179,556,19.01,73.1
2019,9,3,16,30,83,83,0,64.63,27.3,442,146,336,19.01,73.1
2019,9,3,17,30,34,34,0,78.76,26.7,172,81,115,19.01,73.1
2019,9,3,18,30,0,0,0,92.93,26.3,0,0,0,19.01,73.1
2019,9,3,19,30,0,0,0,106.83,26.1,0,0,0,19.01,73.1
2019,9,3,20,30,0,0,0,120.34,26.1,0,0,0,19.01,73.1
2019,9,3,21,30,0,0,0,133.12,26.1,0,0,0,19.01,73.1
2019,9,3,22,30,0,0,0,144.34,26.1,0,0,0,19.01,73.1
2019,9,3,23,30,0,0,0,152.02,26.1,0,0,0,19.01,73.1
2019,9,4,0,30,0,0,0,152.95,26,0,0,0,19.01,73.1
2019,9,4,1,30,0,0,0,146.57,26,0,0,0,19.01,73.1
2019,9,4,2,30,0,0,0,135.95,25.9,0,0,0,19.01,73.1
2019,9,4,3,30,0,0,0,123.44,25.8,0,0,0,19.01,73.1
2019,9,4,4,30,0,0,0,110.05,25.7,0,0,0,19.01,73.1
2019,9,4,5,30,0,0,0,96.23,25.9,0,0,0,19.01,73.1
2019,9,4,6,30,6,6,0,82.07,26.3,117,56,72,19.01,73.1
2019,9,4,7,30,15,15,0,67.98,26.8,420,128,285,19.01,73.1
2019,9,4,8,30,30,30,0,53.83,27.2,595,161,512,19.01,73.1
2019,9,4,9,30,45,45,0,39.81,27.6,678,186,707,19.01,73.1
2019,9,4,10,30,211,220,10,26.27,27.8,738,193,855,19.01,73.1
2019,9,4,11,30,118,118,0,14.75,28,763,197,935,19.01,73.1
2019,9,4,12,30,96,96,0,13.04,28,767,197,944,19.01,73.1
2019,9,4,13,30,87,87,0,23.39,27.7,749,192,879,19.01,73.1
2019,9,4,14,30,219,227,9,36.71,27.4,692,190,744,19.01,73.1
2019,9,4,15,30,30,30,0,50.67,27,644,155,563,19.01,73.1
2019,9,4,16,30,15,15,0,64.82,26.6,540,115,345,19.01,73.1
2019,9,4,17,30,6,6,0,78.95,26.2,272,68,120,19.01,73.1
2019,9,4,18,30,0,0,0,93.13,25.8,0,0,0,19.01,73.1
2019,9,4,19,30,0,0,0,107.04,25.7,0,0,0,19.01,73.1
2019,9,4,20,30,0,0,0,120.59,25.6,0,0,0,19.01,73.1
2019,9,4,21,30,0,0,0,133.4,25.5,0,0,0,19.01,73.1
2019,9,4,22,30,0,0,0,144.67,25.4,0,0,0,19.01,73.1
2019,9,4,23,30,0,0,0,152.39,25.3,0,0,0,19.01,73.1
2019,9,5,0,30,0,0,0,153.29,25.3,0,0,0,19.01,73.1
2019,9,5,1,30,0,0,0,146.81,25.2,0,0,0,19.01,73.1
2019,9,5,2,30,0,0,0,136.11,25.3,0,0,0,19.01,73.1
2019,9,5,3,30,0,0,0,123.54,25.4,0,0,0,19.01,73.1
2019,9,5,4,30,0,0,0,110.13,25.5,0,0,0,19.01,73.1
2019,9,5,5,30,0,0,0,96.28,25.9,0,0,0,19.01,73.1
2019,9,5,6,30,6,6,0,82.11,26.5,103,57,71,19.01,73.1
2019,9,5,7,30,55,55,0,68.01,27.2,390,135,281,19.01,73.1
2019,9,5,8,30,179,182,5,53.87,27.8,557,177,505,19.01,73.1
2019,9,5,9,30,359,433,96,39.86,28.2,652,201,701,19.01,73.1
2019,9,5,10,30,359,387,31,26.37,28.4,704,215,846,19.01,73.1
2019,9,5,11,30,285,299,15,15,28.5,740,214,929,19.01,73.1
2019,9,5,12,30,116,116,0,13.41,28.6,761,200,941,19.01,73.1
2019,9,5,13,30,212,221,10,23.66,28.4,746,193,876,19.01,73.1
2019,9,5,14,30,150,151,1,36.93,28.1,700,184,744,19.01,73.1
2019,9,5,15,30,53,53,0,50.87,27.7,616,167,555,19.01,73.1
2019,9,5,16,30,27,27,0,65.01,27.3,486,130,335,19.01,73.1
2019,9,5,17,30,72,114,222,79.15,26.8,222,72,114,19.01,73.1
2019,9,5,18,30,0,0,0,93.34,26.5,0,0,0,19.01,73.1
2019,9,5,19,30,0,0,0,107.26,26.4,0,0,0,19.01,73.1
2019,9,5,20,30,0,0,0,120.83,26.3,0,0,0,19.01,73.1
2019,9,5,21,30,0,0,0,133.68,26.3,0,0,0,19.01,73.1
2019,9,5,22,30,0,0,0,145,26.4,0,0,0,19.01,73.1
2019,9,5,23,30,0,0,0,152.77,26.4,0,0,0,19.01,73.1
2019,9,6,0,30,0,0,0,153.64,26.3,0,0,0,19.01,73.1
2019,9,6,1,30,0,0,0,147.05,26.2,0,0,0,19.01,73.1
2019,9,6,2,30,0,0,0,136.26,26,0,0,0,19.01,73.1
2019,9,6,3,30,0,0,0,123.65,25.9,0,0,0,19.01,73.1
2019,9,6,4,30,0,0,0,110.19,25.8,0,0,0,19.01,73.1
2019,9,6,5,30,0,0,0,96.33,25.8,0,0,0,19.01,73.1
2019,9,6,6,30,6,6,0,82.15,26.4,128,55,72,19.01,73.1
2019,9,6,7,30,39,39,0,68.05,27.2,419,127,284,19.01,73.1
2019,9,6,8,30,169,507,574,53.91,27.7,574,169,507,19.01,73.1
2019,9,6,9,30,170,173,4,39.92,28.1,658,197,702,19.01,73.1
2019,9,6,10,30,333,354,23,26.49,28.4,706,214,846,19.01,73.1
2019,9,6,11,30,375,401,27,15.26,28.4,724,226,924,19.01,73.1
2019,9,6,12,30,377,403,27,13.78,28.3,728,225,932,19.01,73.1
2019,9,6,13,30,169,174,6,23.93,28,718,213,869,19.01,73.1
2019,9,6,14,30,55,55,0,37.15,27.7,670,202,736,19.01,73.1
2019,9,6,15,30,58,58,0,51.07,27.4,571,187,546,19.01,73.1
2019,9,6,16,30,17,17,0,65.2,27,431,146,327,19.01,73.1
2019,9,6,17,30,7,7,0,79.34,26.5,171,77,108,19.01,73.1
2019,9,6,18,30,0,0,0,93.54,26.1,0,0,0,19.01,73.1
2019,9,6,19,30,0,0,0,107.48,25.9,0,0,0,19.01,73.1
2019,9,6,20,30,0,0,0,121.07,25.8,0,0,0,19.01,73.1
2019,9,6,21,30,0,0,0,133.96,25.7,0,0,0,19.01,73.1
2019,9,6,22,30,0,0,0,145.33,25.5,0,0,0,19.01,73.1
2019,9,6,23,30,0,0,0,153.15,25.4,0,0,0,19.01,73.1
2019,9,7,0,30,0,0,0,153.98,25.3,0,0,0,19.01,73.1
2019,9,7,1,30,0,0,0,147.29,25.3,0,0,0,19.01,73.1
2019,9,7,2,30,0,0,0,136.42,25.3,0,0,0,19.01,73.1
2019,9,7,3,30,0,0,0,123.75,25.3,0,0,0,19.01,73.1
2019,9,7,4,30,0,0,0,110.26,25.3,0,0,0,19.01,73.1
2019,9,7,5,30,0,0,0,96.38,25.5,0,0,0,19.01,73.1
2019,9,7,6,30,13,13,0,82.18,26.2,110,55,70,19.01,73.1
2019,9,7,7,30,16,16,0,68.08,27.1,403,131,282,19.01,73.1
2019,9,7,8,30,54,54,0,53.95,27.8,571,170,506,19.01,73.1
2019,9,7,9,30,327,363,47,39.99,28.3,657,198,701,19.01,73.1
2019,9,7,10,30,70,70,0,26.61,28.6,702,217,845,19.01,73.1
2019,9,7,11,30,352,373,22,15.52,28.7,723,227,924,19.01,73.1
2019,9,7,12,30,145,148,3,14.15,28.7,723,229,930,19.01,73.1
2019,9,7,13,30,184,190,7,24.21,28.5,713,216,866,19.01,73.1
2019,9,7,14,30,158,160,3,37.37,28.2,675,198,735,19.01,73.1
2019,9,7,15,30,119,119,0,51.27,27.7,597,174,548,19.01,73.1
2019,9,7,16,30,62,62,0,65.4,27.3,436,143,324,19.01,73.1
2019,9,7,17,30,20,20,0,79.54,26.9,152,77,104,19.01,73.1
2019,9,7,18,30,0,0,0,93.74,26.5,0,0,0,19.01,73.1
2019,9,7,19,30,0,0,0,107.7,26.3,0,0,0,19.01,73.1
2019,9,7,20,30,0,0,0,121.31,26.2,0,0,0,19.01,73.1
2019,9,7,21,30,0,0,0,134.24,26.1,0,0,0,19.01,73.1
2019,9,7,22,30,0,0,0,145.66,26,0,0,0,19.01,73.1
2019,9,7,23,30,0,0,0,153.53,25.9,0,0,0,19.01,73.1
2019,9,8,0,30,0,0,0,154.33,25.9,0,0,0,19.01,73.1
2019,9,8,1,30,0,0,0,147.53,25.8,0,0,0,19.01,73.1
2019,9,8,2,30,0,0,0,136.57,25.7,0,0,0,19.01,73.1
2019,9,8,3,30,0,0,0,123.85,25.7,0,0,0,19.01,73.1
2019,9,8,4,30,0,0,0,110.33,25.7,0,0,0,19.01,73.1
2019,9,8,5,30,0,0,0,96.43,25.8,0,0,0,19.01,73.1
2019,9,8,6,30,5,5,0,82.22,26.4,100,56,70,19.01,73.1
2019,9,8,7,30,12,12,0,68.12,27.1,391,135,280,19.01,73.1
2019,9,8,8,30,97,97,0,53.99,27.7,554,178,504,19.01,73.1
2019,9,8,9,30,162,164,2,40.05,28,653,201,700,19.01,73.1
2019,9,8,10,30,75,75,0,26.73,28.3,719,206,848,19.01,73.1
2019,9,8,11,30,126,126,0,15.79,28.3,743,211,927,19.01,73.1
2019,9,8,12,30,391,420,30,14.53,28.3,756,204,936,19.01,73.1
2019,9,8,13,30,237,248,12,24.49,28.3,745,194,872,19.01,73.1
2019,9,8,14,30,354,403,61,37.6,28,714,175,741,19.01,73.1
2019,9,8,15,30,203,209,11,51.48,27.7,641,154,553,19.01,73.1
2019,9,8,16,30,41,41,0,65.6,27.2,511,119,330,19.01,73.1
2019,9,8,17,30,7,7,0,79.73,26.6,242,65,108,19.01,73.1
2019,9,8,18,30,0,0,0,93.95,26.1,0,0,0,19.01,73.1
2019,9,8,19,30,0,0,0,107.92,26,0,0,0,19.01,73.1
2019,9,8,20,30,0,0,0,121.56,25.9,0,0,0,19.01,73.1
2019,9,8,21,30,0,0,0,134.52,25.9,0,0,0,19.01,73.1
2019,9,8,22,30,0,0,0,145.99,25.9,0,0,0,19.01,73.1
2019,9,8,23,30,0,0,0,153.91,25.9,0,0,0,19.01,73.1
2019,9,9,0,30,0,0,0,154.67,25.8,0,0,0,19.01,73.1
2019,9,9,1,30,0,0,0,147.76,25.8,0,0,0,19.01,73.1
2019,9,9,2,30,0,0,0,136.72,25.7,0,0,0,19.01,73.1
2019,9,9,3,30,0,0,0,123.94,25.7,0,0,0,19.01,73.1
2019,9,9,4,30,0,0,0,110.4,25.7,0,0,0,19.01,73.1
2019,9,9,5,30,0,0,0,96.47,25.8,0,0,0,19.01,73.1
2019,9,9,6,30,6,6,0,82.26,26.3,94,56,68,19.01,73.1
2019,9,9,7,30,15,15,0,68.15,26.9,395,133,280,19.01,73.1
2019,9,9,8,30,55,55,0,54.04,27.4,564,174,505,19.01,73.1
2019,9,9,9,30,183,187,5,40.12,27.8,647,204,699,19.01,73.1
2019,9,9,10,30,145,147,2,26.85,28.1,694,223,842,19.01,73.1
2019,9,9,11,30,91,91,0,16.07,28.2,710,236,919,19.01,73.1
2019,9,9,12,30,96,96,0,14.91,28.3,725,228,928,19.01,73.1
2019,9,9,13,30,115,115,0,24.78,28.3,714,215,863,19.01,73.1
2019,9,9,14,30,120,120,0,37.83,28.2,625,227,721,19.01,73.1
2019,9,9,15,30,69,69,0,51.69,27.8,526,206,532,19.01,73.1
2019,9,9,16,30,59,59,0,65.8,27.4,353,165,310,19.01,73.1
2019,9,9,17,30,9,9,0,79.93,26.8,97,77,94,19.01,73.1
2019,9,9,18,30,0,0,0,94.16,26.4,0,0,0,19.01,73.1
2019,9,9,19,30,0,0,0,108.14,26.3,0,0,0,19.01,73.1
2019,9,9,20,30,0,0,0,121.8,26.2,0,0,0,19.01,73.1
2019,9,9,21,30,0,0,0,134.8,26.1,0,0,0,19.01,73.1
2019,9,9,22,30,0,0,0,146.33,26.1,0,0,0,19.01,73.1
2019,9,9,23,30,0,0,0,154.29,26,0,0,0,19.01,73.1
2019,9,10,0,30,0,0,0,155.02,25.9,0,0,0,19.01,73.1
2019,9,10,1,30,0,0,0,147.99,25.8,0,0,0,19.01,73.1
2019,9,10,2,30,0,0,0,136.87,25.7,0,0,0,19.01,73.1
2019,9,10,3,30,0,0,0,124.04,25.6,0,0,0,19.01,73.1
2019,9,10,4,30,0,0,0,110.46,25.6,0,0,0,19.01,73.1
2019,9,10,5,30,0,0,0,96.52,25.8,0,0,0,19.01,73.1
2019,9,10,6,30,6,6,0,82.3,26.5,156,52,73,19.01,73.1
2019,9,10,7,30,22,22,0,68.19,27.3,482,110,289,19.01,73.1
2019,9,10,8,30,26,26,0,54.08,28,631,145,516,19.01,73.1
2019,9,10,9,30,45,45,0,40.19,28.6,700,174,709,19.01,73.1
2019,9,10,10,30,103,103,0,26.99,28.9,736,195,851,19.01,73.1
2019,9,10,11,30,167,172,6,16.35,29,730,222,922,19.01,73.1
2019,9,10,12,30,325,343,19,15.29,28.9,722,230,926,19.01,73.1
2019,9,10,13,30,229,238,11,25.07,28.7,692,229,857,19.01,73.1
2019,9,10,14,30,68,68,0,38.07,28.3,599,242,713,19.01,73.1
2019,9,10,15,30,189,193,7,51.9,27.7,507,213,526,19.01,73.1
2019,9,10,16,30,136,139,6,66,27.1,368,159,308,19.01,73.1
2019,9,10,17,30,39,39,0,80.13,26.6,123,73,94,19.01,73.1
2019,9,10,18,30,0,0,0,94.37,26.2,0,0,0,19.01,73.1
2019,9,10,19,30,0,0,0,108.36,26.1,0,0,0,19.01,73.1
2019,9,10,20,30,0,0,0,122.05,26,0,0,0,19.01,73.1
2019,9,10,21,30,0,0,0,135.08,25.9,0,0,0,19.01,73.1
2019,9,10,22,30,0,0,0,146.66,25.8,0,0,0,19.01,73.1
2019,9,10,23,30,0,0,0,154.68,25.7,0,0,0,19.01,73.1
2019,9,11,0,30,0,0,0,155.36,25.6,0,0,0,19.01,73.1
2019,9,11,1,30,0,0,0,148.23,25.5,0,0,0,19.01,73.1
2019,9,11,2,30,0,0,0,137.01,25.4,0,0,0,19.01,73.1
2019,9,11,3,30,0,0,0,124.13,25.3,0,0,0,19.01,73.1
2019,9,11,4,30,0,0,0,110.52,25.3,0,0,0,19.01,73.1
2019,9,11,5,30,0,0,0,96.57,25.5,0,0,0,19.01,73.1
2019,9,11,6,30,52,70,128,82.33,26.1,128,52,70,19.01,73.1
2019,9,11,7,30,14,14,0,68.23,26.9,426,124,282,19.01,73.1
2019,9,11,8,30,211,222,19,54.13,27.5,586,165,508,19.01,73.1
2019,9,11,9,30,223,230,10,40.26,27.8,676,187,703,19.01,73.1
2019,9,11,10,30,253,264,13,27.12,28,728,201,849,19.01,73.1
2019,9,11,11,30,378,405,28,16.63,28.2,632,293,898,19.01,73.1
2019,9,11,12,30,295,311,16,15.67,28.3,656,277,909,19.01,73.1
2019,9,11,13,30,331,351,22,25.36,28.4,647,259,844,19.01,73.1
2019,9,11,14,30,63,63,0,38.31,28.3,569,258,705,19.01,73.1
2019,9,11,15,30,93,93,0,52.12,27.9,492,218,520,19.01,73.1
2019,9,11,16,30,26,26,0,66.2,27.3,345,164,303,19.01,73.1
2019,9,11,17,30,72,90,107,80.33,26.6,107,72,90,19.01,73.1
2019,9,11,18,30,0,0,0,94.58,26.1,0,0,0,19.01,73.1
2019,9,11,19,30,0,0,0,108.59,26,0,0,0,19.01,73.1
2019,9,11,20,30,0,0,0,122.29,25.9,0,0,0,19.01,73.1
2019,9,11,21,30,0,0,0,135.36,25.9,0,0,0,19.01,73.1
2019,9,11,22,30,0,0,0,147,25.9,0,0,0,19.01,73.1
2019,9,11,23,30,0,0,0,155.07,25.8,0,0,0,19.01,73.1
2019,9,12,0,30,0,0,0,155.71,25.7,0,0,0,19.01,73.1
2019,9,12,1,30,0,0,0,148.45,25.7,0,0,0,19.01,73.1
2019,9,12,2,30,0,0,0,137.15,25.6,0,0,0,19.01,73.1
2019,9,12,3,30,0,0,0,124.22,25.5,0,0,0,19.01,73.1
2019,9,12,4,30,0,0,0,110.59,25.5,0,0,0,19.01,73.1
2019,9,12,5,30,0,0,0,96.61,25.5,0,0,0,19.01,73.1
2019,9,12,6,30,8,8,0,82.37,25.9,90,55,67,19.01,73.1
2019,9,12,7,30,66,66,0,68.26,26.5,365,141,276,19.01,73.1
2019,9,12,8,30,209,220,18,54.18,27,526,190,498,19.01,73.1
2019,9,12,9,30,207,213,8,40.34,27.4,621,219,692,19.01,73.1
2019,9,12,10,30,207,215,9,27.26,27.7,674,237,836,19.01,73.1
2019,9,12,11,30,292,307,16,16.92,27.8,681,257,909,19.01,73.1
2019,9,12,12,30,249,261,13,16.06,27.7,702,244,918,19.01,73.1
2019,9,12,13,30,247,258,12,25.66,27.5,698,225,854,19.01,73.1
2019,9,12,14,30,190,195,6,38.55,27.2,662,204,721,19.01,73.1
2019,9,12,15,30,229,245,25,52.33,26.9,591,173,534,19.01,73.1
2019,9,12,16,30,14,14,0,66.41,26.6,465,128,314,19.01,73.1
2019,9,12,17,30,7,7,0,80.54,26.1,189,64,95,19.01,73.1
2019,9,12,18,30,0,0,0,94.79,25.7,0,0,0,19.01,73.1
2019,9,12,19,30,0,0,0,108.81,25.6,0,0,0,19.01,73.1
2019,9,12,20,30,0,0,0,122.54,25.5,0,0,0,19.01,73.1
2019,9,12,21,30,0,0,0,135.64,25.4,0,0,0,19.01,73.1
2019,9,12,22,30,0,0,0,147.33,25.4,0,0,0,19.01,73.1
2019,9,12,23,30,0,0,0,155.46,25.3,0,0,0,19.01,73.1
2019,9,13,0,30,0,0,0,156.05,25.3,0,0,0,19.01,73.1
2019,9,13,1,30,0,0,0,148.68,25.4,0,0,0,19.01,73.1
2019,9,13,2,30,0,0,0,137.29,25.4,0,0,0,19.01,73.1
2019,9,13,3,30,0,0,0,124.31,25.4,0,0,0,19.01,73.1
2019,9,13,4,30,0,0,0,110.65,25.4,0,0,0,19.01,73.1
2019,9,13,5,30,0,0,0,96.66,25.5,0,0,0,19.01,73.1
2019,9,13,6,30,8,8,0,82.41,26,108,54,68,19.01,73.1
2019,9,13,7,30,50,50,0,68.3,26.7,400,132,279,19.01,73.1
2019,9,13,8,30,212,224,20,54.23,27.5,560,176,503,19.01,73.1
2019,9,13,9,30,334,377,57,40.42,28.1,662,196,700,19.01,73.1
2019,9,13,10,30,287,301,16,27.41,28.6,730,200,847,19.01,73.1
2019,9,13,11,30,372,397,27,17.21,28.8,768,195,928,19.01,73.1
2019,9,13,12,30,355,377,23,16.45,28.8,778,189,935,19.01,73.1
2019,9,13,13,30,245,256,12,25.96,28.7,758,185,866,19.01,73.1
2019,9,13,14,30,95,95,0,38.8,28.4,704,178,727,19.01,73.1
2019,9,13,15,30,28,28,0,52.55,28,629,155,538,19.01,73.1
2019,9,13,16,30,32,32,0,66.62,27.4,477,123,313,19.01,73.1
2019,9,13,17,30,7,7,0,80.74,26.7,180,63,92,19.01,73.1
2019,9,13,18,30,0,0,0,95,26.3,0,0,0,19.01,73.1
2019,9,13,19,30,0,0,0,109.03,26.1,0,0,0,19.01,73.1
2019,9,13,20,30,0,0,0,122.78,26,0,0,0,19.01,73.1
2019,9,13,21,30,0,0,0,135.92,25.9,0,0,0,19.01,73.1
2019,9,13,22,30,0,0,0,147.67,25.8,0,0,0,19.01,73.1
2019,9,13,23,30,0,0,0,155.85,25.7,0,0,0,19.01,73.1
2019,9,14,0,30,0,0,0,156.39,25.6,0,0,0,19.01,73.1
2019,9,14,1,30,0,0,0,148.9,25.6,0,0,0,19.01,73.1
2019,9,14,2,30,0,0,0,137.43,25.6,0,0,0,19.01,73.1
2019,9,14,3,30,0,0,0,124.4,25.6,0,0,0,19.01,73.1
2019,9,14,4,30,0,0,0,110.71,25.6,0,0,0,19.01,73.1
2019,9,14,5,30,0,0,0,96.7,25.7,0,0,0,19.01,73.1
2019,9,14,6,30,30,30,0,82.45,26.4,160,51,72,19.01,73.1
2019,9,14,7,30,61,61,0,68.34,27.3,495,107,290,19.01,73.1
2019,9,14,8,30,226,245,32,54.28,28.1,659,134,519,19.01,73.1
2019,9,14,9,30,363,458,126,40.5,28.7,745,150,716,19.01,73.1
2019,9,14,10,30,440,548,122,27.56,29.1,794,157,861,19.01,73.1
2019,9,14,11,30,471,559,92,17.51,29.3,820,158,940,19.01,73.1
2019,9,14,12,30,385,413,30,16.83,29.3,826,155,945,19.01,73.1
2019,9,14,13,30,450,578,143,26.26,29,809,150,876,19.01,73.1
2019,9,14,14,30,358,419,79,39.05,28.6,760,146,736,19.01,73.1
2019,9,14,15,30,216,227,18,52.77,28.2,681,131,543,19.01,73.1
2019,9,14,16,30,117,117,0,66.83,27.6,533,107,316,19.01,73.1
2019,9,14,17,30,30,30,0,80.95,26.9,210,59,92,19.01,73.1
2019,9,14,18,30,0,0,0,95.21,26.5,0,0,0,19.01,73.1
2019,9,14,19,30,0,0,0,109.26,26.4,0,0,0,19.01,73.1
2019,9,14,20,30,0,0,0,123.03,26.2,0,0,0,19.01,73.1
2019,9,14,21,30,0,0,0,136.2,26,0,0,0,19.01,73.1
2019,9,14,22,30,0,0,0,148,25.8,0,0,0,19.01,73.1
2019,9,14,23,30,0,0,0,156.24,25.6,0,0,0,19.01,73.1
2019,9,15,0,30,0,0,0,156.74,25.4,0,0,0,19.01,73.1
2019,9,15,1,30,0,0,0,149.12,25.2,0,0,0,19.01,73.1
2019,9,15,2,30,0,0,0,137.57,25.2,0,0,0,19.01,73.1
2019,9,15,3,30,0,0,0,124.49,25.1,0,0,0,19.01,73.1
2019,9,15,4,30,0,0,0,110.77,25,0,0,0,19.01,73.1
2019,9,15,5,30,0,0,0,96.75,25.2,0,0,0,19.01,73.1
2019,9,15,6,30,6,6,0,82.48,26.1,176,49,72,19.01,73.1
2019,9,15,7,30,22,22,0,68.38,27.1,509,104,291,19.01,73.1
2019,9,15,8,30,88,88,0,54.33,27.9,675,127,521,19.01,73.1
2019,9,15,9,30,141,141,0,40.59,28.5,767,138,721,19.01,73.1
2019,9,15,10,30,201,208,8,27.72,28.9,821,141,868,19.01,73.1
2019,9,15,11,30,217,227,11,17.81,29.2,773,192,928,19.01,73.1
2019,9,15,12,30,218,228,11,17.22,29.3,792,180,936,19.01,73.1
2019,9,15,13,30,204,212,9,26.57,29.1,796,159,871,19.01,73.1
2019,9,15,14,30,172,175,4,39.3,28.8,761,146,735,19.01,73.1
2019,9,15,15,30,122,122,0,53,28.3,696,125,544,19.01,73.1
2019,9,15,16,30,63,63,0,67.04,27.6,556,100,316,19.01,73.1
2019,9,15,17,30,16,16,0,81.15,26.7,244,54,92,19.01,73.1
2019,9,15,18,30,0,0,0,95.42,26,0,0,0,19.01,73.1
2019,9,15,19,30,0,0,0,109.48,25.8,0,0,0,19.01,73.1
2019,9,15,20,30,0,0,0,123.27,25.6,0,0,0,19.01,73.1
2019,9,15,21,30,0,0,0,136.48,25.4,0,0,0,19.01,73.1
2019,9,15,22,30,0,0,0,148.34,25.2,0,0,0,19.01,73.1
2019,9,15,23,30,0,0,0,156.63,25,0,0,0,19.01,73.1
2019,9,16,0,30,0,0,0,157.08,24.8,0,0,0,19.01,73.1
2019,9,16,1,30,0,0,0,149.34,24.7,0,0,0,19.01,73.1
2019,9,16,2,30,0,0,0,137.7,24.6,0,0,0,19.01,73.1
2019,9,16,3,30,0,0,0,124.58,24.6,0,0,0,19.01,73.1
2019,9,16,4,30,0,0,0,110.83,24.5,0,0,0,19.01,73.1
2019,9,16,5,30,0,0,0,96.79,24.9,0,0,0,19.01,73.1
2019,9,16,6,30,43,76,251,82.52,25.9,251,43,76,19.01,73.1
2019,9,16,7,30,22,22,0,68.43,27,574,87,298,19.01,73.1
2019,9,16,8,30,50,50,0,54.39,27.8,713,112,527,19.01,73.1
2019,9,16,9,30,63,63,0,40.68,28.5,778,132,722,19.01,73.1
2019,9,16,10,30,203,211,9,27.88,29,805,150,862,19.01,73.1
2019,9,16,11,30,142,144,1,18.12,29.2,795,177,932,19.01,73.1
2019,9,16,12,30,164,169,5,17.61,29.3,776,191,931,19.01,73.1
2019,9,16,13,30,344,367,26,26.88,29.1,727,206,854,19.01,73.1
2019,9,16,14,30,350,403,69,39.55,28.8,611,231,702,19.01,73.1
2019,9,16,15,30,269,344,125,53.22,28.2,505,208,510,19.01,73.1
2019,9,16,16,30,83,83,0,67.25,27.5,346,155,289,19.01,73.1
2019,9,16,17,30,63,77,93,81.36,26.6,93,63,77,19.01,73.1
2019,9,16,18,30,0,0,0,95.63,26,0,0,0,19.01,73.1
2019,9,16,19,30,0,0,0,109.7,25.8,0,0,0,19.01,73.1
2019,9,16,20,30,0,0,0,123.51,25.6,0,0,0,19.01,73.1
2019,9,16,21,30,0,0,0,136.76,25.6,0,0,0,19.01,73.1
2019,9,16,22,30,0,0,0,148.67,25.5,0,0,0,19.01,73.1
2019,9,16,23,30,0,0,0,157.02,25.5,0,0,0,19.01,73.1
2019,9,17,0,30,0,0,0,157.42,25.5,0,0,0,19.01,73.1
2019,9,17,1,30,0,0,0,149.56,25.5,0,0,0,19.01,73.1
2019,9,17,2,30,0,0,0,137.83,25.4,0,0,0,19.01,73.1
2019,9,17,3,30,0,0,0,124.66,25.5,0,0,0,19.01,73.1
2019,9,17,4,30,0,0,0,110.89,25.5,0,0,0,19.01,73.1
2019,9,17,5,30,0,0,0,96.84,25.6,0,0,0,19.01,73.1
2019,9,17,6,30,6,6,0,82.56,26.2,152,50,70,19.01,73.1
2019,9,17,7,30,23,23,0,68.47,27,479,109,285,19.01,73.1
2019,9,17,8,30,26,26,0,54.45,27.7,648,137,514,19.01,73.1
2019,9,17,9,30,95,95,0,40.77,28.4,736,155,712,19.01,73.1
2019,9,17,10,30,147,149,2,28.04,28.9,785,164,856,19.01,73.1
2019,9,17,11,30,75,75,0,18.43,29.1,756,202,920,19.01,73.1
2019,9,17,12,30,190,198,8,18,29,759,201,923,19.01,73.1
2019,9,17,13,30,75,75,0,27.19,28.8,746,190,854,19.01,73.1
2019,9,17,14,30,66,66,0,39.81,28.6,693,182,714,19.01,73.1
2019,9,17,15,30,32,32,0,53.45,28.2,626,151,524,19.01,73.1
2019,9,17,16,30,15,15,0,67.46,27.6,507,109,303,19.01,73.1
2019,9,17,17,30,7,7,0,81.57,26.7,215,53,84,19.01,73.1
2019,9,17,18,30,0,0,0,95.85,26.1,0,0,0,19.01,73.1
2019,9,17,19,30,0,0,0,109.93,25.9,0,0,0,19.01,73.1
2019,9,17,20,30,0,0,0,123.76,25.8,0,0,0,19.01,73.1
2019,9,17,21,30,0,0,0,137.04,25.7,0,0,0,19.01,73.1
2019,9,17,22,30,0,0,0,149,25.6,0,0,0,19.01,73.1
2019,9,17,23,30,0,0,0,157.41,25.5,0,0,0,19.01,73.1
2019,9,18,0,30,0,0,0,157.76,25.4,0,0,0,19.01,73.1
2019,9,18,1,30,0,0,0,149.77,25.3,0,0,0,19.01,73.1
2019,9,18,2,30,0,0,0,137.96,25.2,0,0,0,19.01,73.1
2019,9,18,3,30,0,0,0,124.74,25.2,0,0,0,19.01,73.1
2019,9,18,4,30,0,0,0,110.94,25.2,0,0,0,19.01,73.1
2019,9,18,5,30,0,0,0,96.88,25.5,0,0,0,19.01,73.1
2019,9,18,6,30,33,33,0,82.6,26.5,119,50,66,19.01,73.1
2019,9,18,7,30,128,132,11,68.52,27.5,423,123,278,19.01,73.1
2019,9,18,8,30,232,254,39,54.51,28.4,589,161,503,19.01,73.1
2019,9,18,9,30,228,236,11,40.87,29.1,677,185,697,19.01,73.1
2019,9,18,10,30,422,495,83,28.21,29.5,723,202,840,19.01,73.1
2019,9,18,11,30,483,616,140,18.75,29.9,668,263,896,19.01,73.1
2019,9,18,12,30,485,677,202,18.4,29.7,642,282,892,19.01,73.1
2019,9,18,13,30,439,539,113,27.51,29.1,591,292,816,19.01,73.1
2019,9,18,14,30,156,157,2,40.07,28.5,483,301,671,19.01,73.1
2019,9,18,15,30,83,83,0,53.68,28,356,269,480,19.01,73.1
2019,9,18,16,30,15,15,0,67.68,27.6,218,184,267,19.01,73.1
2019,9,18,17,30,6,6,0,81.78,27.3,34,54,59,19.01,73.1
2019,9,18,18,30,0,0,0,96.06,27.1,0,0,0,19.01,73.1
2019,9,18,19,30,0,0,0,110.15,27,0,0,0,19.01,73.1
2019,9,18,20,30,0,0,0,124,26.9,0,0,0,19.01,73.1
2019,9,18,21,30,0,0,0,137.31,26.7,0,0,0,19.01,73.1
2019,9,18,22,30,0,0,0,149.34,26.5,0,0,0,19.01,73.1
2019,9,18,23,30,0,0,0,157.81,26.3,0,0,0,19.01,73.1
2019,9,19,0,30,0,0,0,158.11,26.1,0,0,0,19.01,73.1
2019,9,19,1,30,0,0,0,149.98,25.8,0,0,0,19.01,73.1
2019,9,19,2,30,0,0,0,138.09,25.5,0,0,0,19.01,73.1
2019,9,19,3,30,0,0,0,124.82,25.3,0,0,0,19.01,73.1
2019,9,19,4,30,0,0,0,111,25.2,0,0,0,19.01,73.1
2019,9,19,5,30,0,0,0,96.92,25.1,0,0,0,19.01,73.1
2019,9,19,6,30,6,6,0,82.64,25.6,103,51,64,19.01,73.1
2019,9,19,7,30,41,41,0,68.56,26.4,386,134,275,19.01,73.1
2019,9,19,8,30,171,172,3,54.57,27.5,563,172,498,19.01,73.1
2019,9,19,9,30,218,224,9,40.97,28.7,665,191,693,19.01,73.1
2019,9,19,10,30,331,352,24,28.38,29.7,726,199,837,19.01,73.1
2019,9,19,11,30,225,236,11,19.06,30.3,758,199,915,19.01,73.1
2019,9,19,12,30,472,566,100,18.79,30.6,759,198,917,19.01,73.1
2019,9,19,13,30,273,286,15,27.83,30.5,730,199,845,19.01,73.1
2019,9,19,14,30,110,110,0,40.33,29.9,626,218,695,19.01,73.1
2019,9,19,15,30,77,77,0,53.91,29,510,200,501,19.01,73.1
2019,9,19,16,30,142,155,35,67.89,28.1,351,149,281,19.01,73.1
2019,9,19,17,30,10,10,0,81.98,27.4,71,57,66,19.01,73.1
2019,9,19,18,30,0,0,0,96.27,27,0,0,0,19.01,73.1
2019,9,19,19,30,0,0,0,110.37,26.8,0,0,0,19.01,73.1
2019,9,19,20,30,0,0,0,124.24,26.7,0,0,0,19.01,73.1
2019,9,19,21,30,0,0,0,137.59,26.5,0,0,0,19.01,73.1
2019,9,19,22,30,0,0,0,149.67,26.4,0,0,0,19.01,73.1
2019,9,19,23,30,0,0,0,158.2,26.2,0,0,0,19.01,73.1
2019,9,20,0,30,0,0,0,158.44,26.1,0,0,0,19.01,73.1
2019,9,20,1,30,0,0,0,150.19,26,0,0,0,19.01,73.1
2019,9,20,2,30,0,0,0,138.21,25.9,0,0,0,19.01,73.1
2019,9,20,3,30,0,0,0,124.9,25.8,0,0,0,19.01,73.1
2019,9,20,4,30,0,0,0,111.05,25.7,0,0,0,19.01,73.1
2019,9,20,5,30,0,0,0,96.97,25.8,0,0,0,19.01,73.1
2019,9,20,6,30,17,17,0,82.68,26.2,165,48,69,19.01,73.1
2019,9,20,7,30,147,193,124,68.61,26.9,490,106,284,19.01,73.1
2019,9,20,8,30,137,508,642,54.64,27.6,642,137,508,19.01,73.1
2019,9,20,9,30,347,407,80,41.07,28,735,151,705,19.01,73.1
2019,9,20,10,30,324,344,23,28.56,28,771,169,846,19.01,73.1
2019,9,20,11,30,152,155,3,19.39,27.8,712,230,902,19.01,73.1
2019,9,20,12,30,431,481,53,19.18,27.5,722,224,906,19.01,73.1
2019,9,20,13,30,295,310,17,28.15,27.3,703,215,834,19.01,73.1
2019,9,20,14,30,341,390,65,40.59,27.2,612,223,688,19.01,73.1
2019,9,20,15,30,254,299,77,54.14,27,551,180,503,19.01,73.1
2019,9,20,16,30,148,173,67,68.11,26.8,396,134,282,19.01,73.1
2019,9,20,17,30,45,46,7,82.19,26.4,103,55,69,19.01,73.1
2019,9,20,18,30,0,0,0,96.48,26.1,0,0,0,19.01,73.1
2019,9,20,19,30,0,0,0,110.59,25.8,0,0,0,19.01,73.1
2019,9,20,20,30,0,0,0,124.48,25.5,0,0,0,19.01,73.1
2019,9,20,21,30,0,0,0,137.86,25.3,0,0,0,19.01,73.1
2019,9,20,22,30,0,0,0,150,25.1,0,0,0,19.01,73.1
2019,9,20,23,30,0,0,0,158.6,24.9,0,0,0,19.01,73.1
2019,9,21,0,30,0,0,0,158.78,24.7,0,0,0,19.01,73.1
2019,9,21,1,30,0,0,0,150.39,24.6,0,0,0,19.01,73.1
2019,9,21,2,30,0,0,0,138.33,24.5,0,0,0,19.01,73.1
2019,9,21,3,30,0,0,0,124.98,24.5,0,0,0,19.01,73.1
2019,9,21,4,30,0,0,0,111.11,24.4,0,0,0,19.01,73.1
2019,9,21,5,30,0,0,0,97.01,24.5,0,0,0,19.01,73.1
2019,9,21,6,30,46,70,193,82.72,25.2,193,46,70,19.01,73.1
2019,9,21,7,30,99,289,524,68.66,26.5,524,99,289,19.01,73.1
2019,9,21,8,30,125,519,682,54.71,27.7,682,125,519,19.01,73.1
2019,9,21,9,30,140,716,765,41.17,28.7,765,140,716,19.01,73.1
2019,9,21,10,30,147,858,811,28.75,29.5,811,147,858,19.01,73.1
2019,9,21,11,30,479,683,217,19.71,30.1,888,113,950,19.01,73.1
2019,9,21,12,30,341,361,21,19.58,30.4,884,116,949,19.01,73.1
2019,9,21,13,30,266,278,14,28.47,30.4,860,116,873,19.01,73.1
2019,9,21,14,30,150,151,1,40.85,30.1,813,115,730,19.01,73.1
2019,9,21,15,30,97,97,0,54.37,29.5,727,107,531,19.01,73.1
2019,9,21,16,30,60,60,0,68.33,28.6,574,88,300,19.01,73.1
2019,9,21,17,30,45,77,240,82.4,27.5,240,45,77,19.01,73.1
2019,9,21,18,30,0,0,0,96.69,26.7,0,0,0,19.01,73.1
2019,9,21,19,30,0,0,0,110.81,26.4,0,0,0,19.01,73.1
2019,9,21,20,30,0,0,0,124.72,26.2,0,0,0,19.01,73.1
2019,9,21,21,30,0,0,0,138.14,25.9,0,0,0,19.01,73.1
2019,9,21,22,30,0,0,0,150.33,25.7,0,0,0,19.01,73.1
2019,9,21,23,30,0,0,0,158.99,25.5,0,0,0,19.01,73.1
2019,9,22,0,30,0,0,0,159.12,25.3,0,0,0,19.01,73.1
2019,9,22,1,30,0,0,0,150.6,25.2,0,0,0,19.01,73.1
2019,9,22,2,30,0,0,0,138.45,25.2,0,0,0,19.01,73.1
2019,9,22,3,30,0,0,0,125.06,25.1,0,0,0,19.01,73.1
2019,9,22,4,30,0,0,0,111.16,25.2,0,0,0,19.01,73.1
2019,9,22,5,30,0,0,0,97.06,25.5,0,0,0,19.01,73.1
2019,9,22,6,30,34,34,0,82.77,26.5,285,39,74,19.01,73.1
2019,9,22,7,30,74,299,617,68.71,27.9,617,74,299,19.01,73.1
2019,9,22,8,30,91,531,763,54.78,28.9,763,91,531,19.01,73.1
2019,9,22,9,30,99,728,837,41.28,29.7,837,99,728,19.01,73.1
2019,9,22,10,30,439,591,174,28.93,30.2,876,105,872,19.01,73.1
2019,9,22,11,30,481,651,181,20.04,30.5,773,189,916,19.01,73.1
2019,9,22,12,30,422,468,49,19.97,30.4,790,178,921,19.01,73.1
2019,9,22,13,30,350,376,30,28.79,30,771,172,847,19.01,73.1
2019,9,22,14,30,229,237,11,41.12,29.4,704,171,702,19.01,73.1
2019,9,22,15,30,252,300,83,54.61,28.6,631,145,510,19.01,73.1
2019,9,22,16,30,12,12,0,68.54,27.8,481,109,285,19.01,73.1
2019,9,22,17,30,48,69,166,82.61,27,166,48,69,19.01,73.1
2019,9,22,18,30,0,0,0,96.91,26.4,0,0,0,19.01,73.1
2019,9,22,19,30,0,0,0,111.03,26.1,0,0,0,19.01,73.1
2019,9,22,20,30,0,0,0,124.96,25.9,0,0,0,19.01,73.1
2019,9,22,21,30,0,0,0,138.41,25.6,0,0,0,19.01,73.1
2019,9,22,22,30,0,0,0,150.65,25.4,0,0,0,19.01,73.1
2019,9,22,23,30,0,0,0,159.39,25.3,0,0,0,19.01,73.1
2019,9,23,0,30,0,0,0,159.45,25.1,0,0,0,19.01,73.1
2019,9,23,1,30,0,0,0,150.79,25,0,0,0,19.01,73.1
2019,9,23,2,30,0,0,0,138.57,24.9,0,0,0,19.01,73.1
2019,9,23,3,30,0,0,0,125.14,24.8,0,0,0,19.01,73.1
2019,9,23,4,30,0,0,0,111.22,24.7,0,0,0,19.01,73.1
2019,9,23,5,30,0,0,0,97.1,24.9,0,0,0,19.01,73.1
2019,9,23,6,30,43,50,56,82.81,25.9,243,42,72,19.01,73.1
2019,9,23,7,30,140,223,227,68.76,27.1,577,84,293,19.01,73.1
2019,9,23,8,30,104,524,730,54.85,28.3,730,104,524,19.01,73.1
2019,9,23,9,30,113,723,814,41.4,29.3,814,113,723,19.01,73.1
2019,9,23,10,30,120,867,855,29.13,30.1,855,120,867,19.01,73.1
2019,9,23,11,30,458,538,85,20.37,30.4,794,177,921,19.01,73.1
2019,9,23,12,30,474,586,119,20.37,30.5,799,173,923,19.01,73.1
2019,9,23,13,30,383,423,46,29.12,30.5,780,168,849,19.01,73.1
2019,9,23,14,30,152,708,742,41.39,30.2,742,152,708,19.01,73.1
2019,9,23,15,30,136,512,652,54.84,29.7,652,136,512,19.01,73.1
2019,9,23,16,30,105,284,494,68.76,28.9,494,105,284,19.01,73.1
2019,9,23,17,30,47,68,172,82.82,27.8,172,47,68,19.01,73.1
2019,9,23,18,30,0,0,0,97.12,27,0,0,0,19.01,73.1
2019,9,23,19,30,0,0,0,111.25,26.7,0,0,0,19.01,73.1
2019,9,23,20,30,0,0,0,125.19,26.4,0,0,0,19.01,73.1
2019,9,23,21,30,0,0,0,138.67,26.2,0,0,0,19.01,73.1
2019,9,23,22,30,0,0,0,150.98,26,0,0,0,19.01,73.1
2019,9,23,23,30,0,0,0,159.78,25.8,0,0,0,19.01,73.1
2019,9,24,0,30,0,0,0,159.79,25.7,0,0,0,19.01,73.1
2019,9,24,1,30,0,0,0,150.99,25.6,0,0,0,19.01,73.1
2019,9,24,2,30,0,0,0,138.69,25.4,0,0,0,19.01,73.1
2019,9,24,3,30,0,0,0,125.21,25.2,0,0,0,19.01,73.1
2019,9,24,4,30,0,0,0,111.27,25.2,0,0,0,19.01,73.1
2019,9,24,5,30,0,0,0,97.15,25.2,0,0,0,19.01,73.1
2019,9,24,6,30,24,24,0,82.85,25.9,155,46,65,19.01,73.1
2019,9,24,7,30,112,112,0,68.82,27.3,463,111,278,19.01,73.1
2019,9,24,8,30,252,383,228,54.93,28.5,618,149,504,19.01,73.1
2019,9,24,9,30,313,343,41,41.51,29.4,696,175,696,19.01,73.1
2019,9,24,10,30,303,319,19,29.32,30.1,745,187,836,19.01,73.1
2019,9,24,11,30,474,685,225,20.7,30.6,748,205,905,19.01,73.1
2019,9,24,12,30,213,901,736,20.76,30.8,736,213,901,19.01,73.1
2019,9,24,13,30,209,829,711,29.44,30.6,711,209,829,19.01,73.1
2019,9,24,14,30,358,457,133,41.66,30.2,568,246,670,19.01,73.1
2019,9,24,15,30,230,428,347,55.08,29.7,440,224,476,19.01,73.1
2019,9,24,16,30,39,39,0,68.98,28.9,279,158,258,19.01,73.1
2019,9,24,17,30,8,8,0,83.02,28,57,44,51,19.01,73.1
2019,9,24,18,30,0,0,0,97.33,27.3,0,0,0,19.01,73.1
2019,9,24,19,30,0,0,0,111.47,27,0,0,0,19.01,73.1
2019,9,24,20,30,0,0,0,125.43,26.7,0,0,0,19.01,73.1
2019,9,24,21,30,0,0,0,138.94,26.5,0,0,0,19.01,73.1
2019,9,24,22,30,0,0,0,151.3,26.3,0,0,0,19.01,73.1
2019,9,24,23,30,0,0,0,160.18,26.1,0,0,0,19.01,73.1
2019,9,25,0,30,0,0,0,160.12,26,0,0,0,19.01,73.1
2019,9,25,1,30,0,0,0,151.18,26,0,0,0,19.01,73.1
2019,9,25,2,30,0,0,0,138.8,25.9,0,0,0,19.01,73.1
2019,9,25,3,30,0,0,0,125.28,25.8,0,0,0,19.01,73.1
2019,9,25,4,30,0,0,0,111.33,25.7,0,0,0,19.01,73.1
2019,9,25,5,30,0,0,0,97.19,25.7,0,0,0,19.01,73.1
2019,9,25,6,30,5,5,0,82.9,26.1,102,47,59,19.01,73.1
2019,9,25,7,30,14,14,0,68.87,26.7,383,131,269,19.01,73.1
2019,9,25,8,30,29,29,0,55,27.6,562,169,492,19.01,73.1
2019,9,25,9,30,183,186,5,41.63,28.6,670,187,688,19.01,73.1
2019,9,25,10,30,437,593,180,29.52,29.4,728,196,830,19.01,73.1
2019,9,25,11,30,459,542,89,21.04,30,664,264,884,19.01,73.1
2019,9,25,12,30,464,558,100,21.16,30.5,667,262,884,19.01,73.1
2019,9,25,13,30,435,566,150,29.77,30.8,655,244,813,19.01,73.1
2019,9,25,14,30,343,404,82,41.93,30.9,685,178,688,19.01,73.1
2019,9,25,15,30,38,38,0,55.32,30.8,609,149,496,19.01,73.1
2019,9,25,16,30,33,33,0,69.2,30.1,463,108,273,19.01,73.1
2019,9,25,17,30,11,11,0,83.23,28.8,165,42,62,19.01,73.1
2019,9,25,18,30,0,0,0,97.54,27.9,0,0,0,19.01,73.1
2019,9,25,19,30,0,0,0,111.68,27.5,0,0,0,19.01,73.1
2019,9,25,20,30,0,0,0,125.66,27.2,0,0,0,19.01,73.1
2019,9,25,21,30,0,0,0,139.2,26.8,0,0,0,19.01,73.1
2019,9,25,22,30,0,0,0,151.63,26.6,0,0,0,19.01,73.1
2019,9,25,23,30,0,0,0,160.57,26.5,0,0,0,19.01,73.1
2019,9,26,0,30,0,0,0,160.45,26.4,0,0,0,19.01,73.1
2019,9,26,1,30,0,0,0,151.37,26.2,0,0,0,19.01,73.1
2019,9,26,2,30,0,0,0,138.91,26,0,0,0,19.01,73.1
2019,9,26,3,30,0,0,0,125.35,25.8,0,0,0,19.01,73.1
2019,9,26,4,30,0,0,0,111.38,25.7,0,0,0,19.01,73.1
2019,9,26,5,30,0,0,0,97.24,25.8,0,0,0,19.01,73.1
2019,9,26,6,30,40,40,2,82.95,26.3,255,37,69,19.01,73.1
2019,9,26,7,30,108,108,0,68.93,27.1,576,81,288,19.01,73.1
2019,9,26,8,30,229,252,40,55.08,28.2,720,104,516,19.01,73.1
2019,9,26,9,30,350,538,252,41.76,29.1,787,121,708,19.01,73.1
2019,9,26,10,30,411,475,75,29.73,29.3,813,140,846,19.01,73.1
2019,9,26,11,30,476,646,182,21.38,29,780,180,906,19.01,73.1
2019,9,26,12,30,476,646,183,21.55,28.4,763,191,901,19.01,73.1
2019,9,26,13,30,434,585,175,30.1,27.8,761,174,833,19.01,73.1
2019,9,26,14,30,51,51,0,42.2,27.4,629,207,673,19.01,73.1
2019,9,26,15,30,94,94,0,55.55,27.2,575,162,488,19.01,73.1
2019,9,26,16,30,50,50,0,69.41,26.9,457,108,269,19.01,73.1
2019,9,26,17,30,20,20,0,83.44,26.4,157,41,59,19.01,73.1
2019,9,26,18,30,0,0,0,97.74,26.1,0,0,0,19.01,73.1
2019,9,26,19,30,0,0,0,111.9,25.9,0,0,0,19.01,73.1
2019,9,26,20,30,0,0,0,125.89,25.8,0,0,0,19.01,73.1
2019,9,26,21,30,0,0,0,139.47,25.7,0,0,0,19.01,73.1
2019,9,26,22,30,0,0,0,151.94,25.6,0,0,0,19.01,73.1
2019,9,26,23,30,0,0,0,160.97,25.5,0,0,0,19.01,73.1
2019,9,27,0,30,0,0,0,160.77,25.4,0,0,0,19.01,73.1
2019,9,27,1,30,0,0,0,151.56,25.3,0,0,0,19.01,73.1
2019,9,27,2,30,0,0,0,139.02,25.1,0,0,0,19.01,73.1
2019,9,27,3,30,0,0,0,125.43,25,0,0,0,19.01,73.1
2019,9,27,4,30,0,0,0,111.43,24.9,0,0,0,19.01,73.1
2019,9,27,5,30,0,0,0,97.28,24.9,0,0,0,19.01,73.1
2019,9,27,6,30,6,6,0,82.99,25.3,263,39,71,19.01,73.1
2019,9,27,7,30,12,12,0,68.99,26.2,600,78,293,19.01,73.1
2019,9,27,8,30,196,203,13,55.17,27,743,98,522,19.01,73.1
2019,9,27,9,30,189,193,5,41.88,27.8,815,111,717,19.01,73.1
2019,9,27,10,30,434,588,178,29.94,28.3,854,118,858,19.01,73.1
2019,9,27,11,30,474,654,194,21.72,28.5,858,130,927,19.01,73.1
2019,9,27,12,30,471,671,216,21.95,28.6,849,136,924,19.01,73.1
2019,9,27,13,30,417,655,276,30.43,28.4,824,136,846,19.01,73.1
2019,9,27,14,30,350,508,214,42.47,28.1,713,164,690,19.01,73.1
2019,9,27,15,30,236,270,60,55.79,27.7,645,134,497,19.01,73.1
2019,9,27,16,30,95,274,515,69.63,27.1,515,95,274,19.01,73.1
2019,9,27,17,30,33,33,0,83.64,26.3,197,39,61,19.01,73.1
2019,9,27,18,30,0,0,0,97.95,25.7,0,0,0,19.01,73.1
2019,9,27,19,30,0,0,0,112.11,25.4,0,0,0,19.01,73.1
2019,9,27,20,30,0,0,0,126.12,25.2,0,0,0,19.01,73.1
2019,9,27,21,30,0,0,0,139.72,25.1,0,0,0,19.01,73.1
2019,9,27,22,30,0,0,0,152.26,25,0,0,0,19.01,73.1
2019,9,27,23,30,0,0,0,161.36,24.9,0,0,0,19.01,73.1
2019,9,28,0,30,0,0,0,161.1,24.8,0,0,0,19.01,73.1
2019,9,28,1,30,0,0,0,151.74,24.8,0,0,0,19.01,73.1
2019,9,28,2,30,0,0,0,139.13,24.7,0,0,0,19.01,73.1
2019,9,28,3,30,0,0,0,125.5,24.6,0,0,0,19.01,73.1
2019,9,28,4,30,0,0,0,111.48,24.5,0,0,0,19.01,73.1
2019,9,28,5,30,0,0,0,97.33,24.6,0,0,0,19.01,73.1
2019,9,28,6,30,27,27,0,83.04,25.5,203,43,68,19.01,73.1
2019,9,28,7,30,118,118,0,69.05,26.8,533,95,285,19.01,73.1
2019,9,28,8,30,219,235,29,55.25,27.8,698,116,514,19.01,73.1
2019,9,28,9,30,331,575,328,42.01,28.6,781,130,710,19.01,73.1
2019,9,28,10,30,404,689,330,30.15,29.1,828,136,852,19.01,73.1
2019,9,28,11,30,468,686,236,22.06,29.4,837,146,922,19.01,73.1
2019,9,28,12,30,472,611,150,22.34,29.5,843,142,921,19.01,73.1
2019,9,28,13,30,331,353,26,30.76,29.3,827,135,846,19.01,73.1
2019,9,28,14,30,277,295,24,42.74,29,773,132,700,19.01,73.1
2019,9,28,15,30,189,195,11,56.03,28.5,681,121,501,19.01,73.1
2019,9,28,16,30,132,211,227,69.85,27.7,527,91,272,19.01,73.1
2019,9,28,17,30,18,18,0,83.85,26.6,197,37,58,19.01,73.1
2019,9,28,18,30,0,0,0,98.16,25.9,0,0,0,19.01,73.1
2019,9,28,19,30,0,0,0,112.32,25.7,0,0,0,19.01,73.1
2019,9,28,20,30,0,0,0,126.34,25.5,0,0,0,19.01,73.1
2019,9,28,21,30,0,0,0,139.98,25.4,0,0,0,19.01,73.1
2019,9,28,22,30,0,0,0,152.57,25.2,0,0,0,19.01,73.1
2019,9,28,23,30,0,0,0,161.75,25.1,0,0,0,19.01,73.1
2019,9,29,0,30,0,0,0,161.42,24.9,0,0,0,19.01,73.1
2019,9,29,1,30,0,0,0,151.92,24.8,0,0,0,19.01,73.1
2019,9,29,2,30,0,0,0,139.23,24.7,0,0,0,19.01,73.1
2019,9,29,3,30,0,0,0,125.56,24.6,0,0,0,19.01,73.1
2019,9,29,4,30,0,0,0,111.54,24.5,0,0,0,19.01,73.1
2019,9,29,5,30,0,0,0,97.38,24.6,0,0,0,19.01,73.1
2019,9,29,6,30,41,44,29,83.09,25.3,237,40,69,19.01,73.1
2019,9,29,7,30,124,246,341,69.11,26.3,573,85,290,19.01,73.1
2019,9,29,8,30,244,395,266,55.34,27.3,723,108,519,19.01,73.1
2019,9,29,9,30,346,537,257,42.15,28.2,796,123,713,19.01,73.1
2019,9,29,10,30,432,570,159,30.37,28.8,840,129,854,19.01,73.1
2019,9,29,11,30,471,607,147,22.41,29,829,152,919,19.01,73.1
2019,9,29,12,30,469,657,203,22.73,29,822,157,915,19.01,73.1
2019,9,29,13,30,392,700,359,31.09,28.7,797,154,836,19.01,73.1
2019,9,29,14,30,350,479,176,43.01,28.3,653,196,674,19.01,73.1
2019,9,29,15,30,239,377,248,56.27,27.9,579,159,480,19.01,73.1
2019,9,29,16,30,136,173,106,70.07,27.2,443,109,260,19.01,73.1
2019,9,29,17,30,31,31,0,84.05,26.4,137,39,53,19.01,73.1
2019,9,29,18,30,0,0,0,98.36,25.8,0,0,0,19.01,73.1
2019,9,29,19,30,0,0,0,112.53,25.5,0,0,0,19.01,73.1
2019,9,29,20,30,0,0,0,126.57,25.3,0,0,0,19.01,73.1
2019,9,29,21,30,0,0,0,140.23,25.2,0,0,0,19.01,73.1
2019,9,29,22,30,0,0,0,152.89,25,0,0,0,19.01,73.1
2019,9,29,23,30,0,0,0,162.14,24.9,0,0,0,19.01,73.1
2019,9,30,0,30,0,0,0,161.74,24.8,0,0,0,19.01,73.1
2019,9,30,1,30,0,0,0,152.09,24.7,0,0,0,19.01,73.1
2019,9,30,2,30,0,0,0,139.33,24.6,0,0,0,19.01,73.1
2019,9,30,3,30,0,0,0,125.63,24.5,0,0,0,19.01,73.1
2019,9,30,4,30,0,0,0,111.59,24.5,0,0,0,19.01,73.1
2019,9,30,5,30,0,0,0,97.42,24.6,0,0,0,19.01,73.1
2019,9,30,6,30,34,34,0,83.14,25.6,252,40,70,19.01,73.1
2019,9,30,7,30,135,148,37,69.18,26.8,587,82,291,19.01,73.1
2019,9,30,8,30,253,322,122,55.43,27.8,742,100,521,19.01,73.1
2019,9,30,9,30,356,480,169,42.28,28.6,820,111,717,19.01,73.1
2019,9,30,10,30,401,687,332,30.59,29.1,861,116,858,19.01,73.1
2019,9,30,11,30,460,557,105,22.75,29.3,890,112,933,19.01,73.1
2019,9,30,12,30,464,574,120,23.13,29.3,886,115,929,19.01,73.1
2019,9,30,13,30,349,378,33,31.42,29.2,864,114,851,19.01,73.1
2019,9,30,14,30,348,457,150,43.29,28.9,789,124,699,19.01,73.1
2019,9,30,15,30,237,278,75,56.5,28.5,701,112,499,19.01,73.1
2019,9,30,16,30,98,98,0,70.28,27.7,541,86,269,19.01,73.1
2019,9,30,17,30,22,22,0,84.25,26.8,187,35,54,19.01,73.1
2019,9,30,18,30,0,0,0,98.57,26.1,0,0,0,19.01,73.1
2019,9,30,19,30,0,0,0,112.74,25.9,0,0,0,19.01,73.1
2019,9,30,20,30,0,0,0,126.79,25.8,0,0,0,19.01,73.1
2019,9,30,21,30,0,0,0,140.48,25.6,0,0,0,19.01,73.1
2019,9,30,22,30,0,0,0,153.19,25.5,0,0,0,19.01,73.1
2019,9,30,23,30,0,0,0,162.53,25.5,0,0,0,19.01,73.1
2019,10,1,0,30,0,0,0,162.06,25.4,0,0,0,19.01,73.1
2019,10,1,1,30,0,0,0,152.26,25.3,0,0,0,19.01,73.1
2019,10,1,2,30,0,0,0,139.43,25.1,0,0,0,19.01,73.1
2019,10,1,3,30,0,0,0,125.7,24.9,0,0,0,19.01,73.1
2019,10,1,4,30,0,0,0,111.64,24.9,0,0,0,19.01,73.1
2019,10,1,5,30,0,0,0,97.47,24.9,0,0,0,19.01,73.1
2019,10,1,6,30,23,23,0,83.2,25.9,153,46,64,19.01,73.1
2019,10,1,7,30,109,279,479,69.24,27.2,479,109,279,19.01,73.1
2019,10,1,8,30,215,231,27,55.52,28.3,647,138,504,19.01,73.1
2019,10,1,9,30,353,448,128,42.42,29.2,739,154,700,19.01,73.1
2019,10,1,10,30,333,356,26,30.81,29.9,792,161,841,19.01,73.1
2019,10,1,11,30,469,653,201,23.1,30.4,773,190,902,19.01,73.1
2019,10,1,12,30,188,899,775,23.52,30.5,775,188,899,19.01,73.1
2019,10,1,13,30,379,700,377,31.75,30.4,752,182,821,19.01,73.1
2019,10,1,14,30,344,494,207,43.56,29.9,745,146,686,19.01,73.1
2019,10,1,15,30,232,382,275,56.74,29.2,654,129,487,19.01,73.1
2019,10,1,16,30,133,173,118,70.5,28.2,484,98,259,19.01,73.1
2019,10,1,17,30,26,26,0,84.45,27.1,135,36,49,19.01,73.1
2019,10,1,18,30,0,0,0,98.77,26.3,0,0,0,19.01,73.1
2019,10,1,19,30,0,0,0,112.94,26,0,0,0,19.01,73.1
2019,10,1,20,30,0,0,0,127,25.8,0,0,0,19.01,73.1
2019,10,1,21,30,0,0,0,140.73,25.7,0,0,0,19.01,73.1
2019,10,1,22,30,0,0,0,153.5,25.5,0,0,0,19.01,73.1
2019,10,1,23,30,0,0,0,162.92,25.4,0,0,0,19.01,73.1
2019,10,2,0,30,0,0,0,162.37,25.3,0,0,0,19.01,73.1
2019,10,2,1,30,0,0,0,152.43,25.1,0,0,0,19.01,73.1
2019,10,2,2,30,0,0,0,139.53,25,0,0,0,19.01,73.1
2019,10,2,3,30,0,0,0,125.76,24.9,0,0,0,19.01,73.1
2019,10,2,4,30,0,0,0,111.69,24.9,0,0,0,19.01,73.1
2019,10,2,5,30,0,0,0,97.52,25.1,0,0,0,19.01,73.1
2019,10,2,6,30,46,62,134,83.25,26,134,46,62,19.01,73.1
2019,10,2,7,30,114,277,460,69.31,27.4,460,114,277,19.01,73.1
2019,10,2,8,30,141,505,643,55.62,28.6,643,141,505,19.01,73.1
2019,10,2,9,30,159,700,734,42.57,29.7,734,159,700,19.01,73.1
2019,10,2,10,30,171,840,781,31.04,30.5,781,171,840,19.01,73.1
2019,10,2,11,30,469,624,169,23.45,30.9,834,154,919,19.01,73.1
2019,10,2,12,30,459,562,113,23.91,31,826,158,914,19.01,73.1
2019,10,2,13,30,422,537,137,32.08,30.7,797,158,833,19.01,73.1
2019,10,2,14,30,150,687,745,43.84,30.3,745,150,687,19.01,73.1
2019,10,2,15,30,134,487,648,56.98,29.6,648,134,487,19.01,73.1
2019,10,2,16,30,99,257,478,70.72,28.6,478,99,257,19.01,73.1
2019,10,2,17,30,34,47,136,84.66,27.2,136,34,47,19.01,73.1
2019,10,2,18,30,0,0,0,98.97,26.3,0,0,0,19.01,73.1
2019,10,2,19,30,0,0,0,113.15,25.9,0,0,0,19.01,73.1
2019,10,2,20,30,0,0,0,127.22,25.6,0,0,0,19.01,73.1
2019,10,2,21,30,0,0,0,140.97,25.4,0,0,0,19.01,73.1
2019,10,2,22,30,0,0,0,153.8,25.3,0,0,0,19.01,73.1
2019,10,2,23,30,0,0,0,163.31,25.2,0,0,0,19.01,73.1
2019,10,3,0,30,0,0,0,162.68,25.1,0,0,0,19.01,73.1
2019,10,3,1,30,0,0,0,152.59,24.8,0,0,0,19.01,73.1
2019,10,3,2,30,0,0,0,139.62,24.6,0,0,0,19.01,73.1
2019,10,3,3,30,0,0,0,125.83,24.4,0,0,0,19.01,73.1
2019,10,3,4,30,0,0,0,111.74,24.3,0,0,0,19.01,73.1
2019,10,3,5,30,0,0,0,97.57,24.3,0,0,0,19.01,73.1
2019,10,3,6,30,45,61,142,83.3,25.2,142,45,61,19.01,73.1
2019,10,3,7,30,112,274,460,69.38,26.7,460,112,274,19.01,73.1
2019,10,3,8,30,148,499,624,55.72,28,624,148,499,19.01,73.1
2019,10,3,9,30,169,693,714,42.72,29.2,714,169,693,19.01,73.1
2019,10,3,10,30,182,832,761,31.27,30.3,761,182,832,19.01,73.1
2019,10,3,11,30,189,902,779,23.8,31.1,779,189,902,19.01,73.1
2019,10,3,12,30,189,897,777,24.3,31.5,777,189,897,19.01,73.1
2019,10,3,13,30,417,611,230,32.41,31.5,751,186,820,19.01,73.1
2019,10,3,14,30,341,486,202,44.11,31.1,650,197,664,19.01,73.1
2019,10,3,15,30,172,466,544,57.22,30.4,544,172,466,19.01,73.1
2019,10,3,16,30,130,173,132,70.93,29.3,366,123,243,19.01,73.1
2019,10,3,17,30,29,29,0,84.85,27.8,65,34,40,19.01,73.1
2019,10,3,18,30,0,0,0,99.17,26.8,0,0,0,19.01,73.1
2019,10,3,19,30,0,0,0,113.35,26.4,0,0,0,19.01,73.1
2019,10,3,20,30,0,0,0,127.43,26.1,0,0,0,19.01,73.1
2019,10,3,21,30,0,0,0,141.21,25.8,0,0,0,19.01,73.1
2019,10,3,22,30,0,0,0,154.09,25.6,0,0,0,19.01,73.1
2019,10,3,23,30,0,0,0,163.7,25.4,0,0,0,19.01,73.1
2019,10,4,0,30,0,0,0,162.99,25.2,0,0,0,19.01,73.1
2019,10,4,1,30,0,0,0,152.75,25,0,0,0,19.01,73.1
2019,10,4,2,30,0,0,0,139.72,24.9,0,0,0,19.01,73.1
2019,10,4,3,30,0,0,0,125.89,24.7,0,0,0,19.01,73.1
2019,10,4,4,30,0,0,0,111.79,24.7,0,0,0,19.01,73.1
2019,10,4,5,30,0,0,0,97.62,24.6,0,0,0,19.01,73.1
2019,10,4,6,30,34,34,0,83.36,25.1,66,45,52,19.01,73.1
2019,10,4,7,30,134,147,38,69.46,26.3,311,148,257,19.01,73.1
2019,10,4,8,30,209,475,474,55.82,27.6,474,209,475,19.01,73.1
2019,10,4,9,30,352,469,159,42.87,28.5,568,247,663,19.01,73.1
2019,10,4,10,30,422,616,227,31.51,28.9,627,265,800,19.01,73.1
2019,10,4,11,30,466,620,169,24.15,29.2,718,229,884,19.01,73.1
2019,10,4,12,30,353,376,26,24.69,29.4,711,233,879,19.01,73.1
2019,10,4,13,30,418,593,208,32.75,29.3,683,226,801,19.01,73.1
2019,10,4,14,30,46,46,0,44.38,29.1,649,197,661,19.01,73.1
2019,10,4,15,30,27,27,0,57.46,28.7,547,170,464,19.01,73.1
2019,10,4,16,30,18,18,0,71.15,28,371,121,241,19.01,73.1
2019,10,4,17,30,4,4,0,85.05,27,70,32,38,19.01,73.1
2019,10,4,18,30,0,0,0,99.36,26.3,0,0,0,19.01,73.1
2019,10,4,19,30,0,0,0,113.54,26,0,0,0,19.01,73.1
2019,10,4,20,30,0,0,0,127.64,25.7,0,0,0,19.01,73.1
2019,10,4,21,30,0,0,0,141.45,25.5,0,0,0,19.01,73.1
2019,10,4,22,30,0,0,0,154.39,25.2,0,0,0,19.01,73.1
2019,10,4,23,30,0,0,0,164.08,25,0,0,0,19.01,73.1
2019,10,5,0,30,0,0,0,163.29,24.8,0,0,0,19.01,73.1
2019,10,5,1,30,0,0,0,152.91,24.5,0,0,0,19.01,73.1
2019,10,5,2,30,0,0,0,139.81,24.3,0,0,0,19.01,73.1
2019,10,5,3,30,0,0,0,125.95,24.1,0,0,0,19.01,73.1
2019,10,5,4,30,0,0,0,111.85,24,0,0,0,19.01,73.1
2019,10,5,5,30,0,0,0,97.67,24,0,0,0,19.01,73.1
2019,10,5,6,30,5,5,0,83.42,24.7,72,44,53,19.01,73.1
2019,10,5,7,30,148,259,318,69.53,26.1,318,148,259,19.01,73.1
2019,10,5,8,30,208,478,482,55.92,27.7,482,208,478,19.01,73.1
2019,10,5,9,30,245,666,575,43.02,29,575,245,666,19.01,73.1
2019,10,5,10,30,265,802,631,31.75,29.7,631,265,802,19.01,73.1
2019,10,5,11,30,215,890,741,24.5,30.1,741,215,890,19.01,73.1
2019,10,5,12,30,220,884,733,25.08,30.4,733,220,884,19.01,73.1
2019,10,5,13,30,216,802,699,33.08,30.5,699,216,802,19.01,73.1
2019,10,5,14,30,338,474,191,44.66,30.4,581,232,645,19.01,73.1
2019,10,5,15,30,26,26,0,57.69,30.2,469,199,449,19.01,73.1
2019,10,5,16,30,12,12,0,71.36,29.3,290,136,229,19.01,73.1
2019,10,5,17,30,4,4,0,85.25,28.2,40,28,31,19.01,73.1
2019,10,5,18,30,0,0,0,99.56,27.3,0,0,0,19.01,73.1
2019,10,5,19,30,0,0,0,113.74,26.9,0,0,0,19.01,73.1
2019,10,5,20,30,0,0,0,127.85,26.6,0,0,0,19.01,73.1
2019,10,5,21,30,0,0,0,141.68,26.3,0,0,0,19.01,73.1
2019,10,5,22,30,0,0,0,154.67,26.2,0,0,0,19.01,73.1
2019,10,5,23,30,0,0,0,164.47,26,0,0,0,19.01,73.1
2019,10,6,0,30,0,0,0,163.59,25.7,0,0,0,19.01,73.1
2019,10,6,1,30,0,0,0,153.06,25.5,0,0,0,19.01,73.1
2019,10,6,2,30,0,0,0,139.9,25.3,0,0,0,19.01,73.1
2019,10,6,3,30,0,0,0,126.02,25.2,0,0,0,19.01,73.1
2019,10,6,4,30,0,0,0,111.9,25.1,0,0,0,19.01,73.1
2019,10,6,5,30,0,0,0,97.72,25,0,0,0,19.01,73.1
2019,10,6,6,30,41,47,47,83.47,25.5,47,41,47,19.01,73.1
2019,10,6,7,30,140,192,148,69.61,27,253,162,250,19.01,73.1
2019,10,6,8,30,235,467,415,56.03,28.8,415,235,467,19.01,73.1
2019,10,6,9,30,276,654,519,43.18,30.1,519,276,654,19.01,73.1
2019,10,6,10,30,295,789,582,31.99,30.7,582,295,789,19.01,73.1
2019,10,6,11,30,441,716,303,24.85,31,699,243,877,19.01,73.1
2019,10,6,12,30,380,776,438,25.47,31,688,248,870,19.01,73.1
2019,10,6,13,30,364,693,393,33.41,31,651,245,789,19.01,73.1
2019,10,6,14,30,332,498,236,44.93,30.8,596,222,645,19.01,73.1
2019,10,6,15,30,235,311,143,57.93,30.3,477,194,447,19.01,73.1
2019,10,6,16,30,114,120,17,71.57,29.3,291,134,226,19.01,73.1
2019,10,6,17,30,21,21,0,85.44,28,39,26,29,19.01,73.1
2019,10,6,18,30,0,0,0,99.75,27.1,0,0,0,19.01,73.1
2019,10,6,19,30,0,0,0,113.93,26.7,0,0,0,19.01,73.1
2019,10,6,20,30,0,0,0,128.05,26.4,0,0,0,19.01,73.1
2019,10,6,21,30,0,0,0,141.91,26.4,0,0,0,19.01,73.1
2019,10,6,22,30,0,0,0,154.96,26.4,0,0,0,19.01,73.1
2019,10,6,23,30,0,0,0,164.85,26.3,0,0,0,19.01,73.1
2019,10,7,0,30,0,0,0,163.88,26.2,0,0,0,19.01,73.1
2019,10,7,1,30,0,0,0,153.21,25.8,0,0,0,19.01,73.1
2019,10,7,2,30,0,0,0,139.98,25.4,0,0,0,19.01,73.1
2019,10,7,3,30,0,0,0,126.08,24.9,0,0,0,19.01,73.1
2019,10,7,4,30,0,0,0,111.95,24.7,0,0,0,19.01,73.1
2019,10,7,5,30,0,0,0,97.77,24.5,0,0,0,19.01,73.1
2019,10,7,6,30,44,55,99,83.53,25.3,99,44,55,19.01,73.1
2019,10,7,7,30,131,262,377,69.69,27.2,377,131,262,19.01,73.1
2019,10,7,8,30,178,483,548,56.14,29,548,178,483,19.01,73.1
2019,10,7,9,30,207,673,641,43.34,30.1,641,207,673,19.01,73.1
2019,10,7,10,30,226,808,687,32.23,30.7,687,226,808,19.01,73.1
2019,10,7,11,30,225,879,723,25.21,31.1,723,225,879,19.01,73.1
2019,10,7,12,30,232,872,711,25.86,31.1,711,232,872,19.01,73.1
2019,10,7,13,30,229,790,674,33.74,30.8,674,229,790,19.01,73.1
2019,10,7,14,30,231,639,579,45.2,30.4,579,231,639,19.01,73.1
2019,10,7,15,30,231,336,200,58.16,29.8,465,197,443,19.01,73.1
2019,10,7,16,30,115,123,25,71.78,28.8,292,132,223,19.01,73.1
2019,10,7,17,30,21,21,0,85.63,27.7,43,25,28,19.01,73.1
2019,10,7,18,30,0,0,0,99.94,26.9,0,0,0,19.01,73.1
2019,10,7,19,30,0,0,0,114.12,26.5,0,0,0,19.01,73.1
2019,10,7,20,30,0,0,0,128.25,26.3,0,0,0,19.01,73.1
2019,10,7,21,30,0,0,0,142.13,26,0,0,0,19.01,73.1
2019,10,7,22,30,0,0,0,155.24,25.7,0,0,0,19.01,73.1
2019,10,7,23,30,0,0,0,165.23,25.4,0,0,0,19.01,73.1
2019,10,8,0,30,0,0,0,164.17,25.1,0,0,0,19.01,73.1
2019,10,8,1,30,0,0,0,153.36,25,0,0,0,19.01,73.1
2019,10,8,2,30,0,0,0,140.07,24.8,0,0,0,19.01,73.1
2019,10,8,3,30,0,0,0,126.14,24.7,0,0,0,19.01,73.1
2019,10,8,4,30,0,0,0,112,24.6,0,0,0,19.01,73.1
2019,10,8,5,30,0,0,0,97.83,24.5,0,0,0,19.01,73.1
2019,10,8,6,30,35,35,0,83.6,25.3,90,40,50,19.01,73.1
2019,10,8,7,30,138,195,165,69.77,26.8,354,133,255,19.01,73.1
2019,10,8,8,30,237,389,274,56.25,28.7,527,183,475,19.01,73.1
2019,10,8,9,30,331,544,294,43.5,30.4,630,209,666,19.01,73.1
2019,10,8,10,30,396,668,323,32.48,31.5,686,223,802,19.01,73.1
2019,10,8,11,30,431,727,328,25.56,32.3,687,245,865,19.01,73.1
2019,10,8,12,30,406,747,380,26.24,32.7,680,247,857,19.01,73.1
2019,10,8,13,30,404,615,255,34.06,32.7,643,244,777,19.01,73.1
2019,10,8,14,30,330,487,225,45.48,32.5,552,239,627,19.01,73.1
2019,10,8,15,30,216,244,53,58.4,32,425,207,429,19.01,73.1
2019,10,8,16,30,73,73,0,71.99,30.7,254,134,212,19.01,73.1
2019,10,8,17,30,14,14,0,85.82,29.1,32,20,23,19.01,73.1
2019,10,8,18,30,0,0,0,100.13,28.1,0,0,0,19.01,73.1
2019,10,8,19,30,0,0,0,114.31,27.6,0,0,0,19.01,73.1
2019,10,8,20,30,0,0,0,128.45,27.1,0,0,0,19.01,73.1
2019,10,8,21,30,0,0,0,142.35,26.8,0,0,0,19.01,73.1
2019,10,8,22,30,0,0,0,155.51,26.4,0,0,0,19.01,73.1
2019,10,8,23,30,0,0,0,165.6,26,0,0,0,19.01,73.1
2019,10,9,0,30,0,0,0,164.46,25.6,0,0,0,19.01,73.1
2019,10,9,1,30,0,0,0,153.5,25.3,0,0,0,19.01,73.1
2019,10,9,2,30,0,0,0,140.15,25,0,0,0,19.01,73.1
2019,10,9,3,30,0,0,0,126.2,24.7,0,0,0,19.01,73.1
2019,10,9,4,30,0,0,0,112.05,24.6,0,0,0,19.01,73.1
2019,10,9,5,30,0,0,0,97.88,24.4,0,0,0,19.01,73.1
2019,10,9,6,30,6,6,0,83.66,24.9,90,40,50,19.01,73.1
2019,10,9,7,30,88,88,0,69.85,25.9,354,132,254,19.01,73.1
2019,10,9,8,30,248,329,146,56.36,27.6,511,187,470,19.01,73.1
2019,10,9,9,30,220,657,605,43.66,29.5,605,220,657,19.01,73.1
2019,10,9,10,30,410,631,263,32.73,30.9,656,241,793,19.01,73.1
2019,10,9,11,30,406,750,383,25.91,31.6,538,346,830,19.01,73.1
2019,10,9,12,30,419,736,355,26.62,31.9,534,345,823,19.01,73.1
2019,10,9,13,30,383,655,329,34.39,31.8,505,328,745,19.01,73.1
2019,10,9,14,30,304,600,424,45.75,31.5,424,304,600,19.01,73.1
2019,10,9,15,30,229,323,181,58.63,30.9,332,239,412,19.01,73.1
2019,10,9,16,30,11,11,0,72.2,29.8,189,141,199,19.01,73.1
2019,10,9,17,30,4,4,0,86.01,28.5,20,16,17,19.01,73.1
2019,10,9,18,30,0,0,0,100.31,27.7,0,0,0,19.01,73.1
2019,10,9,19,30,0,0,0,114.5,27.3,0,0,0,19.01,73.1
2019,10,9,20,30,0,0,0,128.64,27,0,0,0,19.01,73.1
2019,10,9,21,30,0,0,0,142.56,26.9,0,0,0,19.01,73.1
2019,10,9,22,30,0,0,0,155.78,26.7,0,0,0,19.01,73.1
2019,10,9,23,30,0,0,0,165.98,26.5,0,0,0,19.01,73.1
2019,10,10,0,30,0,0,0,164.74,26.2,0,0,0,19.01,73.1
2019,10,10,1,30,0,0,0,153.64,25.8,0,0,0,19.01,73.1
2019,10,10,2,30,0,0,0,140.23,25.4,0,0,0,19.01,73.1
2019,10,10,3,30,0,0,0,126.26,25.1,0,0,0,19.01,73.1
2019,10,10,4,30,0,0,0,112.1,25,0,0,0,19.01,73.1
2019,10,10,5,30,0,0,0,97.94,24.6,0,0,0,19.01,73.1
2019,10,10,6,30,18,18,0,83.72,24.9,75,39,47,19.01,73.1
2019,10,10,7,30,117,118,2,69.93,25.7,311,143,249,19.01,73.1
2019,10,10,8,30,247,333,154,56.48,27,475,204,466,19.01,73.1
2019,10,10,9,30,235,655,582,43.83,28.8,582,235,655,19.01,73.1
2019,10,10,10,30,251,790,642,32.98,30.3,642,251,790,19.01,73.1
2019,10,10,11,30,327,836,568,26.27,31.3,568,327,836,19.01,73.1
2019,10,10,12,30,329,829,561,27.01,32.1,561,329,829,19.01,73.1
2019,10,10,13,30,318,749,524,34.72,32.6,524,318,749,19.01,73.1
2019,10,10,14,30,300,607,443,46.02,32.7,443,300,607,19.01,73.1
2019,10,10,15,30,85,85,0,58.86,32.3,336,242,415,19.01,73.1
2019,10,10,16,30,12,12,0,72.41,31.2,185,143,199,19.01,73.1
2019,10,10,17,30,4,4,0,86.19,29.6,18,15,16,19.01,73.1
2019,10,10,18,30,0,0,0,100.49,28.4,0,0,0,19.01,73.1
2019,10,10,19,30,0,0,0,114.68,27.7,0,0,0,19.01,73.1
2019,10,10,20,30,0,0,0,128.83,27.4,0,0,0,19.01,73.1
2019,10,10,21,30,0,0,0,142.77,27.2,0,0,0,19.01,73.1
2019,10,10,22,30,0,0,0,156.04,27.1,0,0,0,19.01,73.1
2019,10,10,23,30,0,0,0,166.35,27,0,0,0,19.01,73.1
2019,10,11,0,30,0,0,0,165.02,26.8,0,0,0,19.01,73.1
2019,10,11,1,30,0,0,0,153.77,26.4,0,0,0,19.01,73.1
2019,10,11,2,30,0,0,0,140.31,25.8,0,0,0,19.01,73.1
2019,10,11,3,30,0,0,0,126.31,25.3,0,0,0,19.01,73.1
2019,10,11,4,30,0,0,0,112.16,25.1,0,0,0,19.01,73.1
2019,10,11,5,30,0,0,0,97.99,24.8,0,0,0,19.01,73.1
2019,10,11,6,30,35,41,55,83.79,25.3,55,35,41,19.01,73.1
2019,10,11,7,30,20,20,0,70.02,26.6,256,153,241,19.01,73.1
2019,10,11,8,30,216,235,33,56.6,28.3,409,229,454,19.01,73.1
2019,10,11,9,30,275,639,505,44,29.8,505,275,639,19.01,73.1
2019,10,11,10,30,304,769,556,33.23,30.9,556,304,769,19.01,73.1
2019,10,11,11,30,277,847,638,26.62,31.6,638,277,847,19.01,73.1
2019,10,11,12,30,278,840,633,27.38,32,633,278,840,19.01,73.1
2019,10,11,13,30,362,677,386,35.04,32.1,601,270,762,19.01,73.1
2019,10,11,14,30,255,615,522,46.29,31.9,522,255,615,19.01,73.1
2019,10,11,15,30,210,422,413,59.09,31.6,413,210,422,19.01,73.1
2019,10,11,16,30,132,206,248,72.61,30.8,248,132,206,19.01,73.1
2019,10,11,17,30,17,19,28,86.38,29.3,28,17,19,19.01,73.1
2019,10,11,18,30,0,0,0,100.67,28.2,0,0,0,19.01,73.1
2019,10,11,19,30,0,0,0,114.85,27.7,0,0,0,19.01,73.1
2019,10,11,20,30,0,0,0,129.01,27.4,0,0,0,19.01,73.1
2019,10,11,21,30,0,0,0,142.98,27.3,0,0,0,19.01,73.1
2019,10,11,22,30,0,0,0,156.3,27.1,0,0,0,19.01,73.1
2019,10,11,23,30,0,0,0,166.72,26.9,0,0,0,19.01,73.1
2019,10,12,0,30,0,0,0,165.29,26.5,0,0,0,19.01,73.1
2019,10,12,1,30,0,0,0,153.9,26.2,0,0,0,19.01,73.1
2019,10,12,2,30,0,0,0,140.39,25.9,0,0,0,19.01,73.1
2019,10,12,3,30,0,0,0,126.37,25.6,0,0,0,19.01,73.1
2019,10,12,4,30,0,0,0,112.21,25.4,0,0,0,19.01,73.1
2019,10,12,5,30,0,0,0,98.05,24.9,0,0,0,19.01,73.1
2019,10,12,6,30,38,46,79,83.86,25.2,79,38,46,19.01,73.1
2019,10,12,7,30,139,249,323,70.11,26,323,139,249,19.01,73.1
2019,10,12,8,30,198,465,486,56.72,26.9,486,198,465,19.01,73.1
2019,10,12,9,30,234,650,580,44.18,28.2,580,234,650,19.01,73.1
2019,10,12,10,30,257,783,630,33.49,29.2,630,257,783,19.01,73.1
2019,10,12,11,30,301,837,601,26.97,30,601,301,837,19.01,73.1
2019,10,12,12,30,292,833,611,27.76,30.8,611,292,833,19.01,73.1
2019,10,12,13,30,272,756,594,35.37,31.4,594,272,756,19.01,73.1
2019,10,12,14,30,324,409,123,46.56,31.5,496,264,605,19.01,73.1
2019,10,12,15,30,208,232,48,59.32,31.3,394,213,414,19.01,73.1
2019,10,12,16,30,11,11,0,72.81,30.3,229,131,198,19.01,73.1
2019,10,12,17,30,4,4,0,86.55,28.7,22,14,15,19.01,73.1
2019,10,12,18,30,0,0,0,100.85,27.5,0,0,0,19.01,73.1
2019,10,12,19,30,0,0,0,115.03,27,0,0,0,19.01,73.1
2019,10,12,20,30,0,0,0,129.19,26.7,0,0,0,19.01,73.1
2019,10,12,21,30,0,0,0,143.18,26.5,0,0,0,19.01,73.1
2019,10,12,22,30,0,0,0,156.55,26.2,0,0,0,19.01,73.1
2019,10,12,23,30,0,0,0,167.08,25.9,0,0,0,19.01,73.1
2019,10,13,0,30,0,0,0,165.56,25.5,0,0,0,19.01,73.1
2019,10,13,1,30,0,0,0,154.03,25.2,0,0,0,19.01,73.1
2019,10,13,2,30,0,0,0,140.47,25,0,0,0,19.01,73.1
2019,10,13,3,30,0,0,0,126.43,24.8,0,0,0,19.01,73.1
2019,10,13,4,30,0,0,0,112.26,24.7,0,0,0,19.01,73.1
2019,10,13,5,30,0,0,0,98.11,24.7,0,0,0,19.01,73.1
2019,10,13,6,30,33,37,43,83.93,25.4,43,33,37,19.01,73.1
2019,10,13,7,30,160,234,217,70.2,27,217,160,234,19.01,73.1
2019,10,13,8,30,225,398,316,56.85,28.7,351,251,443,19.01,73.1
2019,10,13,9,30,311,622,436,44.36,29.9,436,311,622,19.01,73.1
2019,10,13,10,30,345,750,488,33.75,30.5,488,345,750,19.01,73.1
2019,10,13,11,30,349,817,527,27.33,30.8,527,349,817,19.01,73.1
2019,10,13,12,30,415,726,353,28.14,31,526,346,810,19.01,73.1
2019,10,13,13,30,373,650,342,35.69,31.1,506,324,734,19.01,73.1
2019,10,13,14,30,312,499,273,46.82,31.1,408,308,588,19.01,73.1
2019,10,13,15,30,201,220,38,59.55,30.7,313,241,400,19.01,73.1
2019,10,13,16,30,11,11,0,73.01,29.7,179,136,189,19.01,73.1
2019,10,13,17,30,4,4,0,86.73,28.7,16,12,13,19.01,73.1
2019,10,13,18,30,0,0,0,101.02,28.1,0,0,0,19.01,73.1
2019,10,13,19,30,0,0,0,115.2,27.7,0,0,0,19.01,73.1
2019,10,13,20,30,0,0,0,129.37,27.3,0,0,0,19.01,73.1
2019,10,13,21,30,0,0,0,143.37,27.1,0,0,0,19.01,73.1
2019,10,13,22,30,0,0,0,156.8,26.9,0,0,0,19.01,73.1
2019,10,13,23,30,0,0,0,167.44,26.6,0,0,0,19.01,73.1
2019,10,14,0,30,0,0,0,165.82,26.2,0,0,0,19.01,73.1
2019,10,14,1,30,0,0,0,154.15,25.7,0,0,0,19.01,73.1
2019,10,14,2,30,0,0,0,140.54,25.3,0,0,0,19.01,73.1
2019,10,14,3,30,0,0,0,126.49,25.1,0,0,0,19.01,73.1
2019,10,14,4,30,0,0,0,112.32,24.9,0,0,0,19.01,73.1
2019,10,14,5,30,0,0,0,98.17,24.7,0,0,0,19.01,73.1
2019,10,14,6,30,22,22,0,84,25.2,77,36,44,19.01,73.1
2019,10,14,7,30,137,246,323,70.29,26.4,323,137,246,19.01,73.1
2019,10,14,8,30,194,463,493,56.97,28.2,493,194,463,19.01,73.1
2019,10,14,9,30,225,651,597,44.54,30.1,597,225,651,19.01,73.1
2019,10,14,10,30,245,783,649,34.01,31.5,649,245,783,19.01,73.1
2019,10,14,11,30,312,828,583,27.68,32.4,583,312,828,19.01,73.1
2019,10,14,12,30,306,821,586,28.51,32.9,586,306,821,19.01,73.1
2019,10,14,13,30,283,745,571,36.01,33.3,571,283,745,19.01,73.1
2019,10,14,14,30,282,591,454,47.09,33.5,454,282,591,19.01,73.1
2019,10,14,15,30,222,402,357,59.77,33.2,357,222,402,19.01,73.1
2019,10,14,16,30,130,188,202,73.21,31.7,202,130,188,19.01,73.1
2019,10,14,17,30,11,12,19,86.91,29.8,19,11,12,19.01,73.1
2019,10,14,18,30,0,0,0,101.2,28.6,0,0,0,19.01,73.1
2019,10,14,19,30,0,0,0,115.37,28,0,0,0,19.01,73.1
2019,10,14,20,30,0,0,0,129.54,27.3,0,0,0,19.01,73.1
2019,10,14,21,30,0,0,0,143.56,26.7,0,0,0,19.01,73.1
2019,10,14,22,30,0,0,0,157.04,25.9,0,0,0,19.01,73.1
2019,10,14,23,30,0,0,0,167.8,25.3,0,0,0,19.01,73.1
2019,10,15,0,30,0,0,0,166.08,24.7,0,0,0,19.01,73.1
2019,10,15,1,30,0,0,0,154.27,24.2,0,0,0,19.01,73.1
2019,10,15,2,30,0,0,0,140.61,23.9,0,0,0,19.01,73.1
2019,10,15,3,30,0,0,0,126.54,23.5,0,0,0,19.01,73.1
2019,10,15,4,30,0,0,0,112.37,23.4,0,0,0,19.01,73.1
2019,10,15,5,30,0,0,0,98.23,23.1,0,0,0,19.01,73.1
2019,10,15,6,30,35,45,90,84.07,23.5,90,35,45,19.01,73.1
2019,10,15,7,30,128,248,358,70.39,24.9,358,128,248,19.01,73.1
2019,10,15,8,30,177,469,538,57.1,26.9,538,177,469,19.01,73.1
2019,10,15,9,30,196,659,652,44.72,29.1,652,196,659,19.01,73.1
2019,10,15,10,30,203,799,722,34.27,30.7,722,203,799,19.01,73.1
2019,10,15,11,30,233,857,707,28.03,31.8,707,233,857,19.01,73.1
2019,10,15,12,30,217,855,729,28.88,32.4,729,217,855,19.01,73.1
2019,10,15,13,30,193,778,727,36.33,32.5,727,193,778,19.01,73.1
2019,10,15,14,30,183,629,657,47.35,32.7,657,183,629,19.01,73.1
2019,10,15,15,30,146,431,569,59.99,32.4,569,146,431,19.01,73.1
2019,10,15,16,30,96,208,393,73.41,30.8,393,96,208,19.01,73.1
2019,10,15,17,30,16,19,62,87.07,29,62,16,19,19.01,73.1
2019,10,15,18,30,0,0,0,101.36,27.6,0,0,0,19.01,73.1
2019,10,15,19,30,0,0,0,115.53,26.5,0,0,0,19.01,73.1
2019,10,15,20,30,0,0,0,129.7,25.6,0,0,0,19.01,73.1
2019,10,15,21,30,0,0,0,143.75,24.8,0,0,0,19.01,73.1
2019,10,15,22,30,0,0,0,157.27,24.1,0,0,0,19.01,73.1
2019,10,15,23,30,0,0,0,168.16,23.5,0,0,0,19.01,73.1
2019,10,16,0,30,0,0,0,166.33,23.1,0,0,0,19.01,73.1
2019,10,16,1,30,0,0,0,154.39,22.6,0,0,0,19.01,73.1
2019,10,16,2,30,0,0,0,140.69,22.3,0,0,0,19.01,73.1
2019,10,16,3,30,0,0,0,126.6,22,0,0,0,19.01,73.1
2019,10,16,4,30,0,0,0,112.43,21.9,0,0,0,19.01,73.1
2019,10,16,5,30,0,0,0,98.29,21.7,0,0,0,19.01,73.1
2019,10,16,6,30,34,51,162,84.14,22.4,170,36,53,19.01,73.1
2019,10,16,7,30,100,266,496,70.49,24,496,100,266,19.01,73.1
2019,10,16,8,30,134,492,661,57.24,26.2,661,134,492,19.01,73.1
2019,10,16,9,30,157,686,746,44.9,28.4,746,157,686,19.01,73.1
2019,10,16,10,30,170,822,791,34.53,30,791,170,822,19.01,73.1
2019,10,16,11,30,203,875,764,28.38,30.8,764,203,875,19.01,73.1
2019,10,16,12,30,206,862,752,29.25,31.4,752,206,862,19.01,73.1
2019,10,16,13,30,204,778,715,36.64,31.8,715,204,778,19.01,73.1
2019,10,16,14,30,217,614,590,47.61,31.9,590,217,614,19.01,73.1
2019,10,16,15,30,176,417,486,60.21,31.5,486,176,417,19.01,73.1
2019,10,16,16,30,111,198,308,73.6,29.7,308,111,198,19.01,73.1
2019,10,16,17,30,13,15,36,87.24,27.6,36,13,15,19.01,73.1
2019,10,16,18,30,0,0,0,101.53,26.3,0,0,0,19.01,73.1
2019,10,16,19,30,0,0,0,115.69,25.5,0,0,0,19.01,73.1
2019,10,16,20,30,0,0,0,129.87,24.8,0,0,0,19.01,73.1
2019,10,16,21,30,0,0,0,143.93,24.2,0,0,0,19.01,73.1
2019,10,16,22,30,0,0,0,157.5,23.7,0,0,0,19.01,73.1
2019,10,16,23,30,0,0,0,168.51,23.2,0,0,0,19.01,73.1
2019,10,17,0,30,0,0,0,166.58,22.9,0,0,0,19.01,73.1
2019,10,17,1,30,0,0,0,154.5,22.6,0,0,0,19.01,73.1
2019,10,17,2,30,0,0,0,140.76,22.4,0,0,0,19.01,73.1
2019,10,17,3,30,0,0,0,126.66,22.2,0,0,0,19.01,73.1
2019,10,17,4,30,0,0,0,112.48,22.1,0,0,0,19.01,73.1
2019,10,17,5,30,0,0,0,98.35,22.1,0,0,0,19.01,73.1
2019,10,17,6,30,33,40,70,84.22,22.9,70,33,40,19.01,73.1
2019,10,17,7,30,140,239,296,70.59,24.6,296,140,239,19.01,73.1
2019,10,17,8,30,207,453,456,57.37,26.7,456,207,453,19.01,73.1
2019,10,17,9,30,247,638,553,45.09,28.9,553,247,638,19.01,73.1
2019,10,17,10,30,271,770,608,34.8,30.5,608,271,770,19.01,73.1
2019,10,17,11,30,305,826,593,28.73,31.3,593,305,826,19.01,73.1
2019,10,17,12,30,304,818,591,29.61,31.8,591,304,818,19.01,73.1
2019,10,17,13,30,290,737,559,36.96,32,559,290,737,19.01,73.1
2019,10,17,14,30,265,589,483,47.87,32.1,483,265,589,19.01,73.1
2019,10,17,15,30,218,397,363,60.43,31.6,363,218,397,19.01,73.1
2019,10,17,16,30,127,180,192,73.79,30.1,192,127,180,19.01,73.1
2019,10,17,17,30,8,9,12,87.41,28.5,12,8,9,19.01,73.1
2019,10,17,18,30,0,0,0,101.69,27.6,0,0,0,19.01,73.1
2019,10,17,19,30,0,0,0,115.84,27.2,0,0,0,19.01,73.1
2019,10,17,20,30,0,0,0,130.03,26.8,0,0,0,19.01,73.1
2019,10,17,21,30,0,0,0,144.1,26.3,0,0,0,19.01,73.1
2019,10,17,22,30,0,0,0,157.72,25.8,0,0,0,19.01,73.1
2019,10,17,23,30,0,0,0,168.85,25.3,0,0,0,19.01,73.1
2019,10,18,0,30,0,0,0,166.82,24.9,0,0,0,19.01,73.1
2019,10,18,1,30,0,0,0,154.61,24.5,0,0,0,19.01,73.1
2019,10,18,2,30,0,0,0,140.83,24.3,0,0,0,19.01,73.1
2019,10,18,3,30,0,0,0,126.72,24.3,0,0,0,19.01,73.1
2019,10,18,4,30,0,0,0,112.54,24.3,0,0,0,19.01,73.1
2019,10,18,5,30,0,0,0,98.42,24.4,0,0,0,19.01,73.1
2019,10,18,6,30,4,4,0,84.3,24.9,46,32,37,19.01,73.1
2019,10,18,7,30,11,11,0,70.69,25.7,269,148,237,19.01,73.1
2019,10,18,8,30,177,180,7,57.51,26.5,455,208,452,19.01,73.1
2019,10,18,9,30,292,320,39,45.28,27.3,577,233,640,19.01,73.1
2019,10,18,10,30,101,101,0,35.06,27.9,650,242,774,19.01,73.1
2019,10,18,11,30,114,114,0,29.08,28.5,606,295,825,19.01,73.1
2019,10,18,12,30,128,128,0,29.98,29.2,615,285,818,19.01,73.1
2019,10,18,13,30,155,156,1,37.27,29.6,607,259,742,19.01,73.1
2019,10,18,14,30,107,107,0,48.12,29.7,580,213,601,19.01,73.1
2019,10,18,15,30,53,53,0,60.65,29.5,504,164,411,19.01,73.1
2019,10,18,16,30,13,13,0,73.98,28.6,340,101,195,19.01,73.1
2019,10,18,17,30,4,4,0,87.56,27.6,38,13,15,19.01,73.1
2019,10,18,18,30,0,0,0,101.85,27,0,0,0,19.01,73.1
2019,10,18,19,30,0,0,0,116,26.4,0,0,0,19.01,73.1
2019,10,18,20,30,0,0,0,130.18,25.9,0,0,0,19.01,73.1
2019,10,18,21,30,0,0,0,144.27,25.4,0,0,0,19.01,73.1
2019,10,18,22,30,0,0,0,157.93,25,0,0,0,19.01,73.1
2019,10,18,23,30,0,0,0,169.19,24.6,0,0,0,19.01,73.1
2019,10,19,0,30,0,0,0,167.06,24.3,0,0,0,19.01,73.1
2019,10,19,1,30,0,0,0,154.72,24,0,0,0,19.01,73.1
2019,10,19,2,30,0,0,0,140.9,23.8,0,0,0,19.01,73.1
2019,10,19,3,30,0,0,0,126.77,23.5,0,0,0,19.01,73.1
2019,10,19,4,30,0,0,0,112.6,23.4,0,0,0,19.01,73.1
2019,10,19,5,30,0,0,0,98.48,23.2,0,0,0,19.01,73.1
2019,10,19,6,30,5,5,0,84.38,23.5,263,30,56,19.01,73.1
2019,10,19,7,30,12,12,0,70.79,24.2,589,73,267,19.01,73.1
2019,10,19,8,30,111,111,0,57.65,25.1,726,100,488,19.01,73.1
2019,10,19,9,30,75,75,0,45.47,26.2,801,115,676,19.01,73.1
2019,10,19,10,30,62,62,0,35.33,27.2,847,120,811,19.01,73.1
2019,10,19,11,30,72,72,0,29.42,28,857,127,874,19.01,73.1
2019,10,19,12,30,158,161,3,30.34,28.4,862,121,865,19.01,73.1
2019,10,19,13,30,96,96,0,37.58,28.4,845,115,785,19.01,73.1
2019,10,19,14,30,74,74,0,48.38,28.1,787,111,634,19.01,73.1
2019,10,19,15,30,96,96,0,60.86,27.6,695,95,434,19.01,73.1
2019,10,19,16,30,10,10,0,74.16,26.7,512,69,208,19.01,73.1
2019,10,19,17,30,3,3,0,87.72,25.8,96,14,18,19.01,73.1
2019,10,19,18,30,0,0,0,102,25.3,0,0,0,19.01,73.1
2019,10,19,19,30,0,0,0,116.14,25.1,0,0,0,19.01,73.1
2019,10,19,20,30,0,0,0,130.33,24.8,0,0,0,19.01,73.1
2019,10,19,21,30,0,0,0,144.43,24.6,0,0,0,19.01,73.1
2019,10,19,22,30,0,0,0,158.14,24.5,0,0,0,19.01,73.1
2019,10,19,23,30,0,0,0,169.53,24.3,0,0,0,19.01,73.1
2019,10,20,0,30,0,0,0,167.28,24.2,0,0,0,19.01,73.1
2019,10,20,1,30,0,0,0,154.82,24.1,0,0,0,19.01,73.1
2019,10,20,2,30,0,0,0,140.96,23.9,0,0,0,19.01,73.1
2019,10,20,3,30,0,0,0,126.83,23.8,0,0,0,19.01,73.1
2019,10,20,4,30,0,0,0,112.66,23.7,0,0,0,19.01,73.1
2019,10,20,5,30,0,0,0,98.55,23.6,0,0,0,19.01,73.1
2019,10,20,6,30,5,5,0,84.46,23.7,299,28,57,19.01,73.1
2019,10,20,7,30,12,12,0,70.9,24.2,644,63,273,19.01,73.1
2019,10,20,8,30,41,41,0,57.79,25,784,80,497,19.01,73.1
2019,10,20,9,30,333,425,132,45.67,26.1,853,90,686,19.01,73.1
2019,10,20,10,30,199,205,7,35.6,27.1,887,97,818,19.01,73.1
2019,10,20,11,30,169,172,4,29.77,28,920,88,887,19.01,73.1
2019,10,20,12,30,183,188,6,30.69,28.6,908,93,874,19.01,73.1
2019,10,20,13,30,195,200,6,37.88,29,879,95,789,19.01,73.1
2019,10,20,14,30,171,172,2,48.63,29,839,87,642,19.01,73.1
2019,10,20,15,30,110,110,0,61.07,28.5,748,78,440,19.01,73.1
2019,10,20,16,30,10,10,0,74.34,27.6,570,58,212,19.01,73.1
2019,10,20,17,30,3,3,0,87.87,26.4,128,13,18,19.01,73.1
2019,10,20,18,30,0,0,0,102.15,25.6,0,0,0,19.01,73.1
2019,10,20,19,30,0,0,0,116.29,25.2,0,0,0,19.01,73.1
2019,10,20,20,30,0,0,0,130.47,24.8,0,0,0,19.01,73.1
2019,10,20,21,30,0,0,0,144.58,24.6,0,0,0,19.01,73.1
2019,10,20,22,30,0,0,0,158.33,24.4,0,0,0,19.01,73.1
2019,10,20,23,30,0,0,0,169.86,24.2,0,0,0,19.01,73.1
2019,10,21,0,30,0,0,0,167.51,24.1,0,0,0,19.01,73.1
2019,10,21,1,30,0,0,0,154.93,23.9,0,0,0,19.01,73.1
2019,10,21,2,30,0,0,0,141.03,23.8,0,0,0,19.01,73.1
2019,10,21,3,30,0,0,0,126.89,23.6,0,0,0,19.01,73.1
2019,10,21,4,30,0,0,0,112.72,23.6,0,0,0,19.01,73.1
2019,10,21,5,30,0,0,0,98.62,23.5,0,0,0,19.01,73.1
2019,10,21,6,30,5,5,0,84.54,23.9,313,27,56,19.01,73.1
2019,10,21,7,30,54,54,0,71.01,24.8,648,61,272,19.01,73.1
2019,10,21,8,30,198,209,21,57.93,25.7,776,81,493,19.01,73.1
2019,10,21,9,30,228,236,12,45.87,26.8,834,98,678,19.01,73.1
2019,10,21,10,30,403,518,141,35.87,27.7,858,112,808,19.01,73.1
2019,10,21,11,30,425,667,279,30.11,28.2,888,107,875,19.01,73.1
2019,10,21,12,30,411,679,312,31.05,28.4,876,112,862,19.01,73.1
2019,10,21,13,30,372,603,294,38.19,28.4,848,112,779,19.01,73.1
2019,10,21,14,30,310,416,161,48.88,28.1,792,108,628,19.01,73.1
2019,10,21,15,30,172,179,14,61.28,27.6,693,95,428,19.01,73.1
2019,10,21,16,30,41,41,0,74.52,26.9,504,68,203,19.01,73.1
2019,10,21,17,30,4,4,0,88.02,26.1,83,13,16,19.01,73.1
2019,10,21,18,30,0,0,0,102.3,25.7,0,0,0,19.01,73.1
2019,10,21,19,30,0,0,0,116.43,25.4,0,0,0,19.01,73.1
2019,10,21,20,30,0,0,0,130.61,25.2,0,0,0,19.01,73.1
2019,10,21,21,30,0,0,0,144.73,25,0,0,0,19.01,73.1
2019,10,21,22,30,0,0,0,158.52,24.8,0,0,0,19.01,73.1
2019,10,21,23,30,0,0,0,170.18,24.6,0,0,0,19.01,73.1
2019,10,22,0,30,0,0,0,167.73,24.4,0,0,0,19.01,73.1
2019,10,22,1,30,0,0,0,155.02,24.3,0,0,0,19.01,73.1
2019,10,22,2,30,0,0,0,141.1,24.1,0,0,0,19.01,73.1
2019,10,22,3,30,0,0,0,126.95,24,0,0,0,19.01,73.1
2019,10,22,4,30,0,0,0,112.78,24,0,0,0,19.01,73.1
2019,10,22,5,30,0,0,0,98.69,24,0,0,0,19.01,73.1
2019,10,22,6,30,5,5,0,84.63,24.3,123,34,45,19.01,73.1
2019,10,22,7,30,12,12,0,71.12,24.9,449,102,247,19.01,73.1
2019,10,22,8,30,226,263,70,58.08,25.8,600,144,461,19.01,73.1
2019,10,22,9,30,304,542,344,46.06,26.8,689,167,645,19.01,73.1
2019,10,22,10,30,379,637,319,36.14,27.5,743,177,778,19.01,73.1
2019,10,22,11,30,420,673,294,30.45,28,765,182,842,19.01,73.1
2019,10,22,12,30,421,648,265,31.4,28.3,772,176,835,19.01,73.1
2019,10,22,13,30,380,463,107,38.49,28.3,756,164,756,19.01,73.1
2019,10,22,14,30,264,286,34,49.12,28,671,164,603,19.01,73.1
2019,10,22,15,30,167,172,11,61.49,27.4,569,137,409,19.01,73.1
2019,10,22,16,30,30,30,0,74.7,26.6,377,91,191,19.01,73.1
2019,10,22,17,30,4,4,0,88.17,25.9,27,11,12,19.01,73.1
2019,10,22,18,30,0,0,0,102.44,25.6,0,0,0,19.01,73.1
2019,10,22,19,30,0,0,0,116.56,25.4,0,0,0,19.01,73.1
2019,10,22,20,30,0,0,0,130.74,25.2,0,0,0,19.01,73.1
2019,10,22,21,30,0,0,0,144.88,24.9,0,0,0,19.01,73.1
2019,10,22,22,30,0,0,0,158.7,24.7,0,0,0,19.01,73.1
2019,10,22,23,30,0,0,0,170.5,24.5,0,0,0,19.01,73.1
2019,10,23,0,30,0,0,0,167.94,24.4,0,0,0,19.01,73.1
2019,10,23,1,30,0,0,0,155.12,24.3,0,0,0,19.01,73.1
2019,10,23,2,30,0,0,0,141.16,24.3,0,0,0,19.01,73.1
2019,10,23,3,30,0,0,0,127.01,24.2,0,0,0,19.01,73.1
2019,10,23,4,30,0,0,0,112.84,24.2,0,0,0,19.01,73.1
2019,10,23,5,30,0,0,0,98.76,24.2,0,0,0,19.01,73.1
2019,10,23,6,30,4,4,0,84.71,24.6,222,30,51,19.01,73.1
2019,10,23,7,30,12,12,0,71.23,25.5,597,71,263,19.01,73.1
2019,10,23,8,30,81,81,0,58.23,26.3,737,96,484,19.01,73.1
2019,10,23,9,30,42,42,0,46.26,27.1,813,109,671,19.01,73.1
2019,10,23,10,30,120,120,0,36.41,27.7,868,108,806,19.01,73.1
2019,10,23,11,30,272,284,14,30.79,28.1,895,104,873,19.01,73.1
2019,10,23,12,30,351,378,33,31.74,28.4,899,100,864,19.01,73.1
2019,10,23,13,30,342,379,48,38.78,28.4,882,94,782,19.01,73.1
2019,10,23,14,30,282,317,54,49.37,28.2,836,88,632,19.01,73.1
2019,10,23,15,30,197,226,61,61.69,27.9,750,77,433,19.01,73.1
2019,10,23,16,30,69,69,0,74.87,27.2,574,57,206,19.01,73.1
2019,10,23,17,30,6,6,0,88.31,26.5,94,13,16,19.01,73.1
2019,10,23,18,30,0,0,0,102.58,26.1,0,0,0,19.01,73.1
2019,10,23,19,30,0,0,0,116.69,25.9,0,0,0,19.01,73.1
2019,10,23,20,30,0,0,0,130.87,25.5,0,0,0,19.01,73.1
2019,10,23,21,30,0,0,0,145.01,25.1,0,0,0,19.01,73.1
2019,10,23,22,30,0,0,0,158.88,25,0,0,0,19.01,73.1
2019,10,23,23,30,0,0,0,170.81,24.8,0,0,0,19.01,73.1
2019,10,24,0,30,0,0,0,168.14,24.7,0,0,0,19.01,73.1
2019,10,24,1,30,0,0,0,155.21,24.5,0,0,0,19.01,73.1
2019,10,24,2,30,0,0,0,141.23,24.4,0,0,0,19.01,73.1
2019,10,24,3,30,0,0,0,127.07,24.3,0,0,0,19.01,73.1
2019,10,24,4,30,0,0,0,112.91,24.2,0,0,0,19.01,73.1
2019,10,24,5,30,0,0,0,98.84,24.2,0,0,0,19.01,73.1
2019,10,24,6,30,4,4,0,84.8,24.5,205,31,50,19.01,73.1
2019,10,24,7,30,40,40,0,71.35,25.1,543,82,256,19.01,73.1
2019,10,24,8,30,220,250,58,58.38,26.1,692,111,474,19.01,73.1
2019,10,24,9,30,317,373,82,46.47,27.3,773,128,660,19.01,73.1
2019,10,24,10,30,282,296,18,36.69,28.6,816,137,792,19.01,73.1
2019,10,24,11,30,348,375,31,31.13,29.3,847,133,858,19.01,73.1
2019,10,24,12,30,357,388,36,32.09,29.7,837,137,846,19.01,73.1
2019,10,24,13,30,349,392,56,39.08,29.7,805,136,761,19.01,73.1
2019,10,24,14,30,195,199,6,49.61,29.6,723,139,608,19.01,73.1
2019,10,24,15,30,20,20,0,61.89,29,596,126,407,19.01,73.1
2019,10,24,16,30,10,10,0,75.04,28.1,387,87,187,19.01,73.1
2019,10,24,17,30,2,2,0,88.45,27.2,24,10,10,19.01,73.1
2019,10,24,18,30,0,0,0,102.71,26.6,0,0,0,19.01,73.1
2019,10,24,19,30,0,0,0,116.81,26.1,0,0,0,19.01,73.1
2019,10,24,20,30,0,0,0,130.99,25.7,0,0,0,19.01,73.1
2019,10,24,21,30,0,0,0,145.15,25.4,0,0,0,19.01,73.1
2019,10,24,22,30,0,0,0,159.04,25,0,0,0,19.01,73.1
2019,10,24,23,30,0,0,0,171.11,24.7,0,0,0,19.01,73.1
2019,10,25,0,30,0,0,0,168.34,24.4,0,0,0,19.01,73.1
2019,10,25,1,30,0,0,0,155.3,24.2,0,0,0,19.01,73.1
2019,10,25,2,30,0,0,0,141.29,24,0,0,0,19.01,73.1
2019,10,25,3,30,0,0,0,127.13,23.8,0,0,0,19.01,73.1
2019,10,25,4,30,0,0,0,112.97,23.7,0,0,0,19.01,73.1
2019,10,25,5,30,0,0,0,98.91,23.5,0,0,0,19.01,73.1
2019,10,25,6,30,4,4,0,84.89,23.6,176,32,48,19.01,73.1
2019,10,25,7,30,12,12,0,71.47,24,539,82,254,19.01,73.1
2019,10,25,8,30,32,32,0,58.53,24.7,706,106,474,19.01,73.1
2019,10,25,9,30,85,85,0,46.67,25.5,792,117,660,19.01,73.1
2019,10,25,10,30,396,501,131,36.96,26.3,834,124,791,19.01,73.1
2019,10,25,11,30,385,429,51,31.47,27.2,850,129,854,19.01,73.1
2019,10,25,12,30,330,353,26,32.43,27.8,848,128,843,19.01,73.1
2019,10,25,13,30,214,221,8,39.37,28.1,828,121,761,19.01,73.1
2019,10,25,14,30,164,164,0,49.84,28.1,783,109,614,19.01,73.1
2019,10,25,15,30,78,78,0,62.08,27.7,690,93,416,19.01,73.1
2019,10,25,16,30,30,30,0,75.2,27.1,497,66,193,19.01,73.1
2019,10,25,17,30,2,3,38,88.58,26.5,60,11,12,19.01,73.1
2019,10,25,18,30,0,0,0,102.84,26.2,0,0,0,19.01,73.1
2019,10,25,19,30,0,0,0,116.94,25.9,0,0,0,19.01,73.1
2019,10,25,20,30,0,0,0,131.11,25.5,0,0,0,19.01,73.1
2019,10,25,21,30,0,0,0,145.27,25.2,0,0,0,19.01,73.1
2019,10,25,22,30,0,0,0,159.2,25,0,0,0,19.01,73.1
2019,10,25,23,30,0,0,0,171.41,24.8,0,0,0,19.01,73.1
2019,10,26,0,30,0,0,0,168.53,24.6,0,0,0,19.01,73.1
2019,10,26,1,30,0,0,0,155.39,24.5,0,0,0,19.01,73.1
2019,10,26,2,30,0,0,0,141.36,24.4,0,0,0,19.01,73.1
2019,10,26,3,30,0,0,0,127.19,24.3,0,0,0,19.01,73.1
2019,10,26,4,30,0,0,0,113.04,24.3,0,0,0,19.01,73.1
2019,10,26,5,30,0,0,0,98.99,24.7,0,0,0,19.01,73.1
2019,10,26,6,30,4,4,0,84.99,24.8,165,31,46,19.01,73.1
2019,10,26,7,30,10,10,0,71.59,25.2,555,77,252,19.01,73.1
2019,10,26,8,30,112,112,0,58.69,25.8,742,91,477,19.01,73.1
2019,10,26,9,30,142,142,0,46.88,26.6,833,97,666,19.01,73.1
2019,10,26,10,30,198,204,7,37.23,27.5,876,101,798,19.01,73.1
2019,10,26,11,30,100,100,0,31.8,28.3,894,101,861,19.01,73.1
2019,10,26,12,30,158,160,3,32.76,29,894,100,851,19.01,73.1
2019,10,26,13,30,79,79,0,39.65,29.6,875,95,769,19.01,73.1
2019,10,26,14,30,164,164,0,50.08,29.8,833,87,621,19.01,73.1
2019,10,26,15,30,200,246,99,62.27,29.3,748,75,423,19.01,73.1
2019,10,26,16,30,22,22,0,75.37,28.3,567,54,197,19.01,73.1
2019,10,26,17,30,10,12,87,88.71,27.2,87,10,12,19.01,73.1
2019,10,26,18,30,0,0,0,102.97,26.5,0,0,0,19.01,73.1
2019,10,26,19,30,0,0,0,117.05,26.1,0,0,0,19.01,73.1
2019,10,26,20,30,0,0,0,131.22,25.6,0,0,0,19.01,73.1
2019,10,26,21,30,0,0,0,145.39,25.2,0,0,0,19.01,73.1
2019,10,26,22,30,0,0,0,159.35,24.8,0,0,0,19.01,73.1
2019,10,26,23,30,0,0,0,171.7,24.4,0,0,0,19.01,73.1
2019,10,27,0,30,0,0,0,168.71,24,0,0,0,19.01,73.1
2019,10,27,1,30,0,0,0,155.48,23.7,0,0,0,19.01,73.1
2019,10,27,2,30,0,0,0,141.42,23.3,0,0,0,19.01,73.1
2019,10,27,3,30,0,0,0,127.25,23,0,0,0,19.01,73.1
2019,10,27,4,30,0,0,0,113.1,22.9,0,0,0,19.01,73.1
2019,10,27,5,30,0,0,0,99.07,22.5,0,0,0,19.01,73.1
2019,10,27,6,30,25,25,0,85.08,23.1,241,29,50,19.01,73.1
2019,10,27,7,30,126,156,97,71.71,24.5,619,70,265,19.01,73.1
2019,10,27,8,30,183,415,448,58.85,26.1,778,90,492,19.01,73.1
2019,10,27,9,30,297,531,343,47.08,27.6,858,99,683,19.01,73.1
2019,10,27,10,30,359,646,362,37.5,28.6,895,105,815,19.01,73.1
2019,10,27,11,30,391,699,363,32.13,29.3,857,138,863,19.01,73.1
2019,10,27,12,30,390,443,63,33.1,29.8,855,136,852,19.01,73.1
2019,10,27,13,30,297,317,26,39.94,29.9,835,127,768,19.01,73.1
2019,10,27,14,30,300,394,148,50.31,29.9,764,125,613,19.01,73.1
2019,10,27,15,30,142,142,0,62.46,29.6,660,108,413,19.01,73.1
2019,10,27,16,30,96,117,82,75.52,28.3,448,76,188,19.01,73.1
2019,10,27,17,30,9,9,21,88.83,26.8,21,9,9,19.01,73.1
2019,10,27,18,30,0,0,0,103.09,26,0,0,0,19.01,73.1
2019,10,27,19,30,0,0,0,117.16,25.5,0,0,0,19.01,73.1
2019,10,27,20,30,0,0,0,131.33,24.8,0,0,0,19.01,73.1
2019,10,27,21,30,0,0,0,145.5,24.1,0,0,0,19.01,73.1
2019,10,27,22,30,0,0,0,159.49,23.6,0,0,0,19.01,73.1
2019,10,27,23,30,0,0,0,171.98,23.2,0,0,0,19.01,73.1
2019,10,28,0,30,0,0,0,168.89,23,0,0,0,19.01,73.1
2019,10,28,1,30,0,0,0,155.56,22.7,0,0,0,19.01,73.1
2019,10,28,2,30,0,0,0,141.49,22.4,0,0,0,19.01,73.1
2019,10,28,3,30,0,0,0,127.31,22.1,0,0,0,19.01,73.1
2019,10,28,4,30,0,0,0,113.17,22,0,0,0,19.01,73.1
2019,10,28,5,30,0,0,0,99.15,22,0,0,0,19.01,73.1
2019,10,28,6,30,31,45,166,85.18,23,166,31,45,19.01,73.1
2019,10,28,7,30,80,252,551,71.83,24.8,551,80,252,19.01,73.1
2019,10,28,8,30,227,282,107,59.01,26.8,720,102,473,19.01,73.1
2019,10,28,9,30,320,468,219,47.29,28.6,803,114,659,19.01,73.1
2019,10,28,10,30,122,789,843,37.78,29.9,843,122,789,19.01,73.1
2019,10,28,11,30,127,852,859,32.46,30.8,859,127,852,19.01,73.1
2019,10,28,12,30,130,839,849,33.43,31.2,849,130,839,19.01,73.1
2019,10,28,13,30,130,752,815,40.22,31.1,815,130,752,19.01,73.1
2019,10,28,14,30,291,448,248,50.53,30.7,729,134,598,19.01,73.1
2019,10,28,15,30,188,313,272,62.65,30,614,116,399,19.01,73.1
2019,10,28,16,30,95,128,135,75.68,28.8,400,80,179,19.01,73.1
2019,10,28,17,30,8,8,14,88.95,27.3,14,8,8,19.01,73.1
2019,10,28,18,30,0,0,0,103.2,26.6,0,0,0,19.01,73.1
2019,10,28,19,30,0,0,0,117.27,26.5,0,0,0,19.01,73.1
2019,10,28,20,30,0,0,0,131.43,26.5,0,0,0,19.01,73.1
2019,10,28,21,30,0,0,0,145.6,26.4,0,0,0,19.01,73.1
2019,10,28,22,30,0,0,0,159.62,26.2,0,0,0,19.01,73.1
2019,10,28,23,30,0,0,0,172.25,25.7,0,0,0,19.01,73.1
2019,10,29,0,30,0,0,0,169.06,25,0,0,0,19.01,73.1
2019,10,29,1,30,0,0,0,155.64,24.5,0,0,0,19.01,73.1
2019,10,29,2,30,0,0,0,141.55,24.3,0,0,0,19.01,73.1
2019,10,29,3,30,0,0,0,127.37,24,0,0,0,19.01,73.1
2019,10,29,4,30,0,0,0,113.24,23.9,0,0,0,19.01,73.1
2019,10,29,5,30,0,0,0,99.23,23.5,0,0,0,19.01,73.1
2019,10,29,6,30,24,24,0,85.28,24.2,85,31,38,19.01,73.1
2019,10,29,7,30,113,233,389,71.96,25.7,389,113,233,19.01,73.1
2019,10,29,8,30,160,445,556,59.17,27.4,556,160,445,19.01,73.1
2019,10,29,9,30,274,560,424,47.5,29.2,645,191,626,19.01,73.1
2019,10,29,10,30,208,755,694,38.05,30.5,694,208,755,19.01,73.1
2019,10,29,11,30,183,828,767,32.79,31.2,767,183,828,19.01,73.1
2019,10,29,12,30,192,814,748,33.75,31.5,748,192,814,19.01,73.1
2019,10,29,13,30,195,727,700,40.49,31.4,700,195,727,19.01,73.1
2019,10,29,14,30,295,372,122,50.75,31,640,175,581,19.01,73.1
2019,10,29,15,30,193,229,79,62.83,30.3,489,157,381,19.01,73.1
2019,10,29,16,30,105,164,241,75.83,29.1,241,105,164,19.01,73.1
2019,10,29,17,30,0,0,0,89.06,27.8,0,0,0,19.01,73.1
2019,10,29,18,30,0,0,0,103.32,27,0,0,0,19.01,73.1
2019,10,29,19,30,0,0,0,117.37,26.6,0,0,0,19.01,73.1
2019,10,29,20,30,0,0,0,131.52,26.3,0,0,0,19.01,73.1
2019,10,29,21,30,0,0,0,145.7,26.1,0,0,0,19.01,73.1
2019,10,29,22,30,0,0,0,159.75,25.9,0,0,0,19.01,73.1
2019,10,29,23,30,0,0,0,172.51,25.7,0,0,0,19.01,73.1
2019,10,30,0,30,0,0,0,169.23,25.5,0,0,0,19.01,73.1
2019,10,30,1,30,0,0,0,155.72,25.4,0,0,0,19.01,73.1
2019,10,30,2,30,0,0,0,141.61,25.3,0,0,0,19.01,73.1
2019,10,30,3,30,0,0,0,127.44,25.1,0,0,0,19.01,73.1
2019,10,30,4,30,0,0,0,113.31,25.1,0,0,0,19.01,73.1
2019,10,30,5,30,0,0,0,99.32,24.9,0,0,0,19.01,73.1
2019,10,30,6,30,29,35,76,85.38,25.1,76,29,35,19.01,73.1
2019,10,30,7,30,107,231,403,72.09,25.9,403,107,231,19.01,73.1
2019,10,30,8,30,139,448,606,59.33,27.2,606,139,448,19.01,73.1
2019,10,30,9,30,148,635,724,47.71,28.9,724,148,635,19.01,73.1
2019,10,30,10,30,368,612,311,38.32,30.2,795,146,769,19.01,73.1
2019,10,30,11,30,164,826,791,33.11,31,791,164,826,19.01,73.1
2019,10,30,12,30,163,815,788,34.07,31.5,788,163,815,19.01,73.1
2019,10,30,13,30,354,584,303,40.76,31.7,757,159,732,19.01,73.1
2019,10,30,14,30,176,571,627,50.97,31.6,627,176,571,19.01,73.1
2019,10,30,15,30,148,375,501,63.01,31.1,501,148,375,19.01,73.1
2019,10,30,16,30,93,163,288,75.98,29.9,288,93,163,19.01,73.1
2019,10,30,17,30,0,0,0,89.18,28.6,0,0,0,19.01,73.1
2019,10,30,18,30,0,0,0,103.43,27.8,0,0,0,19.01,73.1
2019,10,30,19,30,0,0,0,117.47,27.3,0,0,0,19.01,73.1
2019,10,30,20,30,0,0,0,131.61,26.8,0,0,0,19.01,73.1
2019,10,30,21,30,0,0,0,145.79,26.4,0,0,0,19.01,73.1
2019,10,30,22,30,0,0,0,159.86,26,0,0,0,19.01,73.1
2019,10,30,23,30,0,0,0,172.76,25.6,0,0,0,19.01,73.1
2019,10,31,0,30,0,0,0,169.39,25.2,0,0,0,19.01,73.1
2019,10,31,1,30,0,0,0,155.8,24.9,0,0,0,19.01,73.1
2019,10,31,2,30,0,0,0,141.67,24.6,0,0,0,19.01,73.1
2019,10,31,3,30,0,0,0,127.5,24.4,0,0,0,19.01,73.1
2019,10,31,4,30,0,0,0,113.39,24.3,0,0,0,19.01,73.1
2019,10,31,5,30,0,0,0,99.4,24.1,0,0,0,19.01,73.1
2019,10,31,6,30,29,39,136,85.48,24.4,136,29,39,19.01,73.1
2019,10,31,7,30,122,152,100,72.22,25.3,496,87,239,19.01,73.1
2019,10,31,8,30,170,173,6,59.49,26.6,668,117,456,19.01,73.1
2019,10,31,9,30,196,200,6,47.93,28.2,757,133,640,19.01,73.1
2019,10,31,10,30,160,161,2,38.59,29.4,803,141,769,19.01,73.1
2019,10,31,11,30,315,334,23,33.43,30.2,822,145,831,19.01,73.1
2019,10,31,12,30,400,472,87,34.39,30.7,810,150,818,19.01,73.1
2019,10,31,13,30,281,298,22,41.03,31,773,148,731,19.01,73.1
2019,10,31,14,30,258,283,40,51.19,31,766,114,594,19.01,73.1
2019,10,31,15,30,167,176,20,63.18,30.6,660,98,396,19.01,73.1
2019,10,31,16,30,47,47,0,76.12,29.5,452,68,177,19.01,73.1
2019,10,31,17,30,0,0,0,89.28,28.2,0,0,0,19.01,73.1
2019,10,31,18,30,0,0,0,103.53,27.3,0,0,0,19.01,73.1
2019,10,31,19,30,0,0,0,117.56,26.6,0,0,0,19.01,73.1
2019,10,31,20,30,0,0,0,131.7,26.1,0,0,0,19.01,73.1
2019,10,31,21,30,0,0,0,145.88,25.6,0,0,0,19.01,73.1
2019,10,31,22,30,0,0,0,159.97,25.2,0,0,0,19.01,73.1
2019,10,31,23,30,0,0,0,173,25,0,0,0,19.01,73.1
2019,11,1,0,30,0,0,0,169.54,24.8,0,0,0,19.01,73.1
2019,11,1,1,30,0,0,0,155.87,24.7,0,0,0,19.01,73.1
2019,11,1,2,30,0,0,0,141.74,24.5,0,0,0,19.01,73.1
2019,11,1,3,30,0,0,0,127.57,24.4,0,0,0,19.01,73.1
2019,11,1,4,30,0,0,0,113.46,24.4,0,0,0,19.01,73.1
2019,11,1,5,30,0,0,0,99.49,24.3,0,0,0,19.01,73.1
2019,11,1,6,30,28,38,132,85.58,24.6,132,28,38,19.01,73.1
2019,11,1,7,30,83,237,511,72.35,25.2,511,83,237,19.01,73.1
2019,11,1,8,30,197,213,31,59.66,25.9,694,104,455,19.01,73.1
2019,11,1,9,30,115,641,789,48.14,26.7,789,115,641,19.01,73.1
2019,11,1,10,30,360,413,67,38.86,27.5,840,118,772,19.01,73.1
2019,11,1,11,30,390,445,66,33.75,28.1,875,111,839,19.01,73.1
2019,11,1,12,30,363,401,46,34.7,28.4,868,113,827,19.01,73.1
2019,11,1,13,30,228,235,10,41.29,28.6,843,110,743,19.01,73.1
2019,11,1,14,30,289,421,211,51.4,28.5,807,95,599,19.01,73.1
2019,11,1,15,30,187,295,240,63.35,28.2,712,82,401,19.01,73.1
2019,11,1,16,30,22,22,0,76.26,27.8,516,57,180,19.01,73.1
2019,11,1,17,30,0,0,0,89.38,27.5,0,0,0,19.01,73.1
2019,11,1,18,30,0,0,0,103.63,27,0,0,0,19.01,73.1
2019,11,1,19,30,0,0,0,117.65,26.2,0,0,0,19.01,73.1
2019,11,1,20,30,0,0,0,131.78,25.7,0,0,0,19.01,73.1
2019,11,1,21,30,0,0,0,145.96,25.5,0,0,0,19.01,73.1
2019,11,1,22,30,0,0,0,160.07,25.2,0,0,0,19.01,73.1
2019,11,1,23,30,0,0,0,173.22,25,0,0,0,19.01,73.1
2019,11,2,0,30,0,0,0,169.68,24.8,0,0,0,19.01,73.1
2019,11,2,1,30,0,0,0,155.95,24.7,0,0,0,19.01,73.1
2019,11,2,2,30,0,0,0,141.8,24.5,0,0,0,19.01,73.1
2019,11,2,3,30,0,0,0,127.63,24.3,0,0,0,19.01,73.1
2019,11,2,4,30,0,0,0,113.54,24.2,0,0,0,19.01,73.1
2019,11,2,5,30,0,0,0,99.58,23.9,0,0,0,19.01,73.1
2019,11,2,6,30,25,42,227,85.69,24.3,227,25,42,19.01,73.1
2019,11,2,7,30,64,249,614,72.48,25.4,614,64,249,19.01,73.1
2019,11,2,8,30,83,469,768,59.83,26.5,768,83,469,19.01,73.1
2019,11,2,9,30,94,657,848,48.35,27.6,848,94,657,19.01,73.1
2019,11,2,10,30,102,788,885,39.13,28.4,885,102,788,19.01,73.1
2019,11,2,11,30,120,844,874,34.07,28.9,874,120,844,19.01,73.1
2019,11,2,12,30,122,831,866,35.01,29.2,866,122,831,19.01,73.1
2019,11,2,13,30,349,575,302,41.55,29.3,839,118,746,19.01,73.1
2019,11,2,14,30,285,430,234,51.61,29.1,692,149,579,19.01,73.1
2019,11,2,15,30,17,17,0,63.51,28.6,573,127,382,19.01,73.1
2019,11,2,16,30,90,108,78,76.39,27.6,350,83,165,19.01,73.1
2019,11,2,17,30,0,0,0,89.48,26.7,0,0,0,19.01,73.1
2019,11,2,18,30,0,0,0,103.72,26.1,0,0,0,19.01,73.1
2019,11,2,19,30,0,0,0,117.73,25.8,0,0,0,19.01,73.1
2019,11,2,20,30,0,0,0,131.85,25.7,0,0,0,19.01,73.1
2019,11,2,21,30,0,0,0,146.03,25.6,0,0,0,19.01,73.1
2019,11,2,22,30,0,0,0,160.15,25.5,0,0,0,19.01,73.1
2019,11,2,23,30,0,0,0,173.43,25.2,0,0,0,19.01,73.1
2019,11,3,0,30,0,0,0,169.82,24.8,0,0,0,19.01,73.1
2019,11,3,1,30,0,0,0,156.02,24.4,0,0,0,19.01,73.1
2019,11,3,2,30,0,0,0,141.86,24.1,0,0,0,19.01,73.1
2019,11,3,3,30,0,0,0,127.7,23.9,0,0,0,19.01,73.1
2019,11,3,4,30,0,0,0,113.61,23.7,0,0,0,19.01,73.1
2019,11,3,5,30,0,0,0,99.67,23.4,0,0,0,19.01,73.1
2019,11,3,6,30,28,35,89,85.79,24.3,89,28,35,19.01,73.1
2019,11,3,7,30,96,232,454,72.61,26.2,454,96,232,19.01,73.1
2019,11,3,8,30,129,450,642,60,27.8,642,129,450,19.01,73.1
2019,11,3,9,30,148,636,737,48.57,28.9,737,148,636,19.01,73.1
2019,11,3,10,30,158,767,788,39.4,29.9,788,158,767,19.01,73.1
2019,11,3,11,30,163,829,807,34.38,30.7,807,163,829,19.01,73.1
2019,11,3,12,30,392,636,300,35.31,31.1,799,164,816,19.01,73.1
2019,11,3,13,30,366,497,176,41.81,30.9,762,161,729,19.01,73.1
2019,11,3,14,30,156,579,685,51.81,30.5,685,156,579,19.01,73.1
2019,11,3,15,30,132,382,566,63.68,29.9,566,132,382,19.01,73.1
2019,11,3,16,30,84,167,355,76.52,28.8,355,84,167,19.01,73.1
2019,11,3,17,30,0,0,0,89.57,27.1,0,0,0,19.01,73.1
2019,11,3,18,30,0,0,0,103.81,26,0,0,0,19.01,73.1
2019,11,3,19,30,0,0,0,117.8,25.4,0,0,0,19.01,73.1
2019,11,3,20,30,0,0,0,131.92,25,0,0,0,19.01,73.1
2019,11,3,21,30,0,0,0,146.1,24.7,0,0,0,19.01,73.1
2019,11,3,22,30,0,0,0,160.24,24.5,0,0,0,19.01,73.1
2019,11,3,23,30,0,0,0,173.63,24.4,0,0,0,19.01,73.1
2019,11,4,0,30,0,0,0,169.95,24.4,0,0,0,19.01,73.1
2019,11,4,1,30,0,0,0,156.09,24.3,0,0,0,19.01,73.1
2019,11,4,2,30,0,0,0,141.93,24,0,0,0,19.01,73.1
2019,11,4,3,30,0,0,0,127.77,23.6,0,0,0,19.01,73.1
2019,11,4,4,30,0,0,0,113.69,23.4,0,0,0,19.01,73.1
2019,11,4,5,30,0,0,0,99.76,22.8,0,0,0,19.01,73.1
2019,11,4,6,30,26,32,79,85.9,23.7,79,26,32,19.01,73.1
2019,11,4,7,30,105,225,405,72.75,25.6,405,105,225,19.01,73.1
2019,11,4,8,30,145,439,590,60.16,27.6,590,145,439,19.01,73.1
2019,11,4,9,30,167,622,690,48.78,29.3,690,167,622,19.01,73.1
2019,11,4,10,30,181,750,739,39.67,30.5,739,181,750,19.01,73.1
2019,11,4,11,30,198,806,740,34.68,31.3,740,198,806,19.01,73.1
2019,11,4,12,30,204,791,723,35.61,31.7,723,204,791,19.01,73.1
2019,11,4,13,30,201,705,679,42.06,31.7,679,201,705,19.01,73.1
2019,11,4,14,30,286,362,124,52.01,31.4,592,194,558,19.01,73.1
2019,11,4,15,30,186,221,79,63.83,30.7,475,154,364,19.01,73.1
2019,11,4,16,30,91,155,280,76.65,29.3,280,91,155,19.01,73.1
2019,11,4,17,30,0,0,0,89.66,27.7,0,0,0,19.01,73.1
2019,11,4,18,30,0,0,0,103.9,26.7,0,0,0,19.01,73.1
2019,11,4,19,30,0,0,0,117.88,26.1,0,0,0,19.01,73.1
2019,11,4,20,30,0,0,0,131.98,25.6,0,0,0,19.01,73.1
2019,11,4,21,30,0,0,0,146.16,25.1,0,0,0,19.01,73.1
2019,11,4,22,30,0,0,0,160.31,24.7,0,0,0,19.01,73.1
2019,11,4,23,30,0,0,0,173.82,24.3,0,0,0,19.01,73.1
2019,11,5,0,30,0,0,0,170.07,23.9,0,0,0,19.01,73.1
2019,11,5,1,30,0,0,0,156.16,23.6,0,0,0,19.01,73.1
2019,11,5,2,30,0,0,0,141.99,23.2,0,0,0,19.01,73.1
2019,11,5,3,30,0,0,0,127.84,22.9,0,0,0,19.01,73.1
2019,11,5,4,30,0,0,0,113.77,22.7,0,0,0,19.01,73.1
2019,11,5,5,30,0,0,0,99.86,22.3,0,0,0,19.01,73.1
2019,11,5,6,30,25,33,115,86.01,23.2,115,25,33,19.01,73.1
2019,11,5,7,30,90,230,476,72.89,24.9,476,90,230,19.01,73.1
2019,11,5,8,30,128,446,643,60.34,26.9,643,128,446,19.01,73.1
2019,11,5,9,30,154,627,721,48.99,29.3,721,154,627,19.01,73.1
2019,11,5,10,30,174,753,755,39.93,31.1,755,174,753,19.01,73.1
2019,11,5,11,30,191,812,758,34.99,31.9,758,191,812,19.01,73.1
2019,11,5,12,30,195,798,744,35.91,31.9,744,195,798,19.01,73.1
2019,11,5,13,30,190,713,708,42.3,31.6,708,190,713,19.01,73.1
2019,11,5,14,30,257,476,357,52.2,31.2,617,183,561,19.01,73.1
2019,11,5,15,30,148,368,502,63.99,30.6,502,148,368,19.01,73.1
2019,11,5,16,30,89,157,298,76.77,28.9,298,89,157,19.01,73.1
2019,11,5,17,30,0,0,0,89.75,26.8,0,0,0,19.01,73.1
2019,11,5,18,30,0,0,0,103.98,25.6,0,0,0,19.01,73.1
2019,11,5,19,30,0,0,0,117.94,25,0,0,0,19.01,73.1
2019,11,5,20,30,0,0,0,132.04,24.6,0,0,0,19.01,73.1
2019,11,5,21,30,0,0,0,146.21,24.4,0,0,0,19.01,73.1
2019,11,5,22,30,0,0,0,160.37,24,0,0,0,19.01,73.1
2019,11,5,23,30,0,0,0,173.99,23.6,0,0,0,19.01,73.1
2019,11,6,0,30,0,0,0,170.19,23.2,0,0,0,19.01,73.1
2019,11,6,1,30,0,0,0,156.23,22.9,0,0,0,19.01,73.1
2019,11,6,2,30,0,0,0,142.05,22.6,0,0,0,19.01,73.1
2019,11,6,3,30,0,0,0,127.91,22.4,0,0,0,19.01,73.1
2019,11,6,4,30,0,0,0,113.85,22.2,0,0,0,19.01,73.1
2019,11,6,5,30,0,0,0,99.95,22.1,0,0,0,19.01,73.1
2019,11,6,6,30,25,30,88,86.12,23.1,88,25,30,19.01,73.1
2019,11,6,7,30,100,223,422,73.03,25,422,100,223,19.01,73.1
2019,11,6,8,30,142,436,598,60.51,27.2,598,142,436,19.01,73.1
2019,11,6,9,30,168,619,690,49.21,29,690,168,619,19.01,73.1
2019,11,6,10,30,188,748,733,40.2,29.9,733,188,748,19.01,73.1
2019,11,6,11,30,233,795,689,35.29,30.3,689,233,795,19.01,73.1
2019,11,6,12,30,238,781,673,36.2,30.4,673,238,781,19.01,73.1
2019,11,6,13,30,236,698,628,42.54,30.3,628,236,698,19.01,73.1
2019,11,6,14,30,195,558,594,52.39,29.8,594,195,558,19.01,73.1
2019,11,6,15,30,159,365,471,64.13,29.1,471,159,365,19.01,73.1
2019,11,6,16,30,94,154,263,76.89,27.8,263,94,154,19.01,73.1
2019,11,6,17,30,0,0,0,89.83,26.3,0,0,0,19.01,73.1
2019,11,6,18,30,0,0,0,104.06,25.4,0,0,0,19.01,73.1
2019,11,6,19,30,0,0,0,118.01,24.9,0,0,0,19.01,73.1
2019,11,6,20,30,0,0,0,132.09,24.7,0,0,0,19.01,73.1
2019,11,6,21,30,0,0,0,146.26,24.6,0,0,0,19.01,73.1
2019,11,6,22,30,0,0,0,160.43,24.4,0,0,0,19.01,73.1
2019,11,6,23,30,0,0,0,174.14,24.2,0,0,0,19.01,73.1
2019,11,7,0,30,0,0,0,170.3,24,0,0,0,19.01,73.1
2019,11,7,1,30,0,0,0,156.29,23.8,0,0,0,19.01,73.1
2019,11,7,2,30,0,0,0,142.12,23.7,0,0,0,19.01,73.1
2019,11,7,3,30,0,0,0,127.98,23.5,0,0,0,19.01,73.1
2019,11,7,4,30,0,0,0,113.93,23.4,0,0,0,19.01,73.1
2019,11,7,5,30,0,0,0,100.05,23.1,0,0,0,19.01,73.1
2019,11,7,6,30,23,26,44,86.23,23.9,44,23,26,19.01,73.1
2019,11,7,7,30,120,217,336,73.17,25.6,336,120,217,19.01,73.1
2019,11,7,8,30,172,430,528,60.68,26.9,528,172,430,19.01,73.1
2019,11,7,9,30,305,377,111,49.42,27.9,648,195,616,19.01,73.1
2019,11,7,10,30,195,752,732,40.46,28.7,732,195,752,19.01,73.1
2019,11,7,11,30,404,599,240,35.59,29.1,828,157,831,19.01,73.1
2019,11,7,12,30,395,602,257,36.48,29.2,839,147,822,19.01,73.1
2019,11,7,13,30,351,540,258,42.78,29,822,135,739,19.01,73.1
2019,11,7,14,30,147,578,709,52.58,28.5,709,147,578,19.01,73.1
2019,11,7,15,30,121,382,602,64.28,27.7,602,121,382,19.01,73.1
2019,11,7,16,30,77,164,384,77,26.6,384,77,164,19.01,73.1
2019,11,7,17,30,0,0,0,89.9,25.5,0,0,0,19.01,73.1
2019,11,7,18,30,0,0,0,104.13,24.9,0,0,0,19.01,73.1
2019,11,7,19,30,0,0,0,118.06,24.7,0,0,0,19.01,73.1
2019,11,7,20,30,0,0,0,132.14,24.5,0,0,0,19.01,73.1
2019,11,7,21,30,0,0,0,146.3,24.3,0,0,0,19.01,73.1
2019,11,7,22,30,0,0,0,160.47,24.1,0,0,0,19.01,73.1
2019,11,7,23,30,0,0,0,174.28,23.8,0,0,0,19.01,73.1
2019,11,8,0,30,0,0,0,170.4,23.6,0,0,0,19.01,73.1
2019,11,8,1,30,0,0,0,156.36,23.4,0,0,0,19.01,73.1
2019,11,8,2,30,0,0,0,142.18,23.3,0,0,0,19.01,73.1
2019,11,8,3,30,0,0,0,128.05,23.2,0,0,0,19.01,73.1
2019,11,8,4,30,0,0,0,114.02,23.2,0,0,0,19.01,73.1
2019,11,8,5,30,0,0,0,100.15,23.2,0,0,0,19.01,73.1
2019,11,8,6,30,23,25,40,86.35,24.3,178,24,35,19.01,73.1
2019,11,8,7,30,17,17,0,73.31,26,609,65,240,19.01,73.1
2019,11,8,8,30,83,463,781,60.85,27.1,781,83,463,19.01,73.1
2019,11,8,9,30,54,54,0,49.64,28,861,92,650,19.01,73.1
2019,11,8,10,30,365,439,98,40.72,28.6,906,96,783,19.01,73.1
2019,11,8,11,30,378,431,65,35.88,29,869,129,833,19.01,73.1
2019,11,8,12,30,316,338,27,36.76,29.2,872,124,823,19.01,73.1
2019,11,8,13,30,117,742,853,43.01,29,853,117,742,19.01,73.1
2019,11,8,14,30,282,368,143,52.76,28.7,743,132,581,19.01,73.1
2019,11,8,15,30,33,33,0,64.42,28.2,621,113,382,19.01,73.1
2019,11,8,16,30,73,164,411,77.11,27.1,411,73,164,19.01,73.1
2019,11,8,17,30,0,0,0,89.97,25.8,0,0,0,19.01,73.1
2019,11,8,18,30,0,0,0,104.2,25.3,0,0,0,19.01,73.1
2019,11,8,19,30,0,0,0,118.12,25.3,0,0,0,19.01,73.1
2019,11,8,20,30,0,0,0,132.18,25.5,0,0,0,19.01,73.1
2019,11,8,21,30,0,0,0,146.33,25.7,0,0,0,19.01,73.1
2019,11,8,22,30,0,0,0,160.51,25.5,0,0,0,19.01,73.1
2019,11,8,23,30,0,0,0,174.4,25,0,0,0,19.01,73.1
2019,11,9,0,30,0,0,0,170.5,24.5,0,0,0,19.01,73.1
2019,11,9,1,30,0,0,0,156.42,24.2,0,0,0,19.01,73.1
2019,11,9,2,30,0,0,0,142.25,23.9,0,0,0,19.01,73.1
2019,11,9,3,30,0,0,0,128.12,23.6,0,0,0,19.01,73.1
2019,11,9,4,30,0,0,0,114.1,23.5,0,0,0,19.01,73.1
2019,11,9,5,30,0,0,0,100.25,23.1,0,0,0,19.01,73.1
2019,11,9,6,30,25,30,83,86.46,23.6,83,25,30,19.01,73.1
2019,11,9,7,30,97,226,454,73.45,25.1,454,97,226,19.01,73.1
2019,11,9,8,30,157,158,2,61.03,26.6,658,128,447,19.01,73.1
2019,11,9,9,30,301,448,229,49.85,27.8,778,138,640,19.01,73.1
2019,11,9,10,30,366,552,246,40.98,28.8,830,147,773,19.01,73.1
2019,11,9,11,30,401,592,237,36.17,29.6,819,169,830,19.01,73.1
2019,11,9,12,30,399,561,203,37.03,30.1,825,161,820,19.01,73.1
2019,11,9,13,30,356,460,142,43.24,30.3,805,151,737,19.01,73.1
2019,11,9,14,30,128,591,768,52.93,30.1,768,128,591,19.01,73.1
2019,11,9,15,30,108,390,658,64.55,29.7,658,108,390,19.01,73.1
2019,11,9,16,30,71,167,434,77.21,28.3,434,71,167,19.01,73.1
2019,11,9,17,30,0,0,0,90.04,26.2,0,0,0,19.01,73.1
2019,11,9,18,30,0,0,0,104.26,24.8,0,0,0,19.01,73.1
2019,11,9,19,30,0,0,0,118.16,24.2,0,0,0,19.01,73.1
2019,11,9,20,30,0,0,0,132.22,23.8,0,0,0,19.01,73.1
2019,11,9,21,30,0,0,0,146.36,23.5,0,0,0,19.01,73.1
2019,11,9,22,30,0,0,0,160.54,23.3,0,0,0,19.01,73.1
2019,11,9,23,30,0,0,0,174.5,23.3,0,0,0,19.01,73.1
2019,11,10,0,30,0,0,0,170.59,23.2,0,0,0,19.01,73.1
2019,11,10,1,30,0,0,0,156.49,22.8,0,0,0,19.01,73.1
2019,11,10,2,30,0,0,0,142.31,22.2,0,0,0,19.01,73.1
2019,11,10,3,30,0,0,0,128.2,21.7,0,0,0,19.01,73.1
2019,11,10,4,30,0,0,0,114.19,21.4,0,0,0,19.01,73.1
2019,11,10,5,30,0,0,0,100.35,21,0,0,0,19.01,73.1
2019,11,10,6,30,23,29,93,86.57,22,93,23,29,19.01,73.1
2019,11,10,7,30,92,226,474,73.59,24.2,474,92,226,19.01,73.1
2019,11,10,8,30,124,446,669,61.2,26.3,669,124,446,19.01,73.1
2019,11,10,9,30,141,634,767,50.06,28.2,767,141,634,19.01,73.1
2019,11,10,10,30,152,765,815,41.24,29.6,815,152,765,19.01,73.1
2019,11,10,11,30,143,834,859,36.45,30.6,859,143,834,19.01,73.1
2019,11,10,12,30,143,823,855,37.3,31.2,855,143,823,19.01,73.1
2019,11,10,13,30,139,738,826,43.46,31.3,826,139,738,19.01,73.1
2019,11,10,14,30,136,584,746,53.1,31,746,136,584,19.01,73.1
2019,11,10,15,30,117,382,622,64.68,30.6,622,117,382,19.01,73.1
2019,11,10,16,30,77,162,388,77.31,29.2,388,77,162,19.01,73.1
2019,11,10,17,30,0,0,0,90.11,27,0,0,0,19.01,73.1
2019,11,10,18,30,0,0,0,104.31,25.7,0,0,0,19.01,73.1
2019,11,10,19,30,0,0,0,118.21,25.1,0,0,0,19.01,73.1
2019,11,10,20,30,0,0,0,132.25,24.7,0,0,0,19.01,73.1
2019,11,10,21,30,0,0,0,146.39,24.4,0,0,0,19.01,73.1
2019,11,10,22,30,0,0,0,160.56,24.1,0,0,0,19.01,73.1
2019,11,10,23,30,0,0,0,174.58,23.9,0,0,0,19.01,73.1
2019,11,11,0,30,0,0,0,170.68,23.5,0,0,0,19.01,73.1
2019,11,11,1,30,0,0,0,156.55,23,0,0,0,19.01,73.1
2019,11,11,2,30,0,0,0,142.38,22.5,0,0,0,19.01,73.1
2019,11,11,3,30,0,0,0,128.27,22,0,0,0,19.01,73.1
2019,11,11,4,30,0,0,0,114.27,21.8,0,0,0,19.01,73.1
2019,11,11,5,30,0,0,0,100.45,21.4,0,0,0,19.01,73.1
2019,11,11,6,30,20,24,70,86.69,22.3,70,20,24,19.01,73.1
2019,11,11,7,30,105,213,386,73.74,24.1,386,105,213,19.01,73.1
2019,11,11,8,30,154,424,564,61.38,26.3,564,154,424,19.01,73.1
2019,11,11,9,30,184,607,662,50.28,28.6,662,184,607,19.01,73.1
2019,11,11,10,30,203,735,710,41.49,30.3,710,203,735,19.01,73.1
2019,11,11,11,30,213,795,726,36.73,31.5,726,213,795,19.01,73.1
2019,11,11,12,30,218,783,712,37.57,32.1,712,218,783,19.01,73.1
2019,11,11,13,30,347,524,245,43.67,32.2,671,212,697,19.01,73.1
2019,11,11,14,30,183,554,620,53.27,32,620,183,554,19.01,73.1
2019,11,11,15,30,153,359,483,64.81,31.5,483,153,359,19.01,73.1
2019,11,11,16,30,90,147,260,77.41,29.8,260,90,147,19.01,73.1
2019,11,11,17,30,0,0,0,90.17,27.4,0,0,0,19.01,73.1
2019,11,11,18,30,0,0,0,104.37,26.1,0,0,0,19.01,73.1
2019,11,11,19,30,0,0,0,118.24,25.4,0,0,0,19.01,73.1
2019,11,11,20,30,0,0,0,132.27,24.9,0,0,0,19.01,73.1
2019,11,11,21,30,0,0,0,146.4,24.3,0,0,0,19.01,73.1
2019,11,11,22,30,0,0,0,160.58,23.8,0,0,0,19.01,73.1
2019,11,11,23,30,0,0,0,174.65,23.3,0,0,0,19.01,73.1
2019,11,12,0,30,0,0,0,170.76,22.8,0,0,0,19.01,73.1
2019,11,12,1,30,0,0,0,156.61,22.4,0,0,0,19.01,73.1
2019,11,12,2,30,0,0,0,142.45,22,0,0,0,19.01,73.1
2019,11,12,3,30,0,0,0,128.35,21.7,0,0,0,19.01,73.1
2019,11,12,4,30,0,0,0,114.36,21.5,0,0,0,19.01,73.1
2019,11,12,5,30,0,0,0,100.56,21.3,0,0,0,19.01,73.1
2019,11,12,6,30,16,18,37,86.81,22.1,37,16,18,19.01,73.1
2019,11,12,7,30,116,197,291,73.88,23.8,291,116,197,19.01,73.1
2019,11,12,8,30,181,403,466,61.55,25.8,466,181,403,19.01,73.1
2019,11,12,9,30,217,581,573,50.49,28.2,573,217,581,19.01,73.1
2019,11,12,10,30,239,711,634,41.74,30.1,634,239,711,19.01,73.1
2019,11,12,11,30,272,765,617,37.01,31.1,617,272,765,19.01,73.1
2019,11,12,12,30,269,754,614,37.82,31.5,614,269,754,19.01,73.1
2019,11,12,13,30,253,674,584,43.88,31.7,584,253,674,19.01,73.1
2019,11,12,14,30,275,394,199,53.43,31.5,463,247,523,19.01,73.1
2019,11,12,15,30,182,241,140,64.93,31.1,343,190,335,19.01,73.1
2019,11,12,16,30,96,131,165,77.5,30.2,165,96,131,19.01,73.1
2019,11,12,17,30,0,0,0,90.22,29,0,0,0,19.01,73.1
2019,11,12,18,30,0,0,0,104.41,27.8,0,0,0,19.01,73.1
2019,11,12,19,30,0,0,0,118.28,26.9,0,0,0,19.01,73.1
2019,11,12,20,30,0,0,0,132.29,26,0,0,0,19.01,73.1
2019,11,12,21,30,0,0,0,146.41,25.2,0,0,0,19.01,73.1
2019,11,12,22,30,0,0,0,160.58,24.5,0,0,0,19.01,73.1
2019,11,12,23,30,0,0,0,174.7,24,0,0,0,19.01,73.1
2019,11,13,0,30,0,0,0,170.84,23.5,0,0,0,19.01,73.1
2019,11,13,1,30,0,0,0,156.67,23.1,0,0,0,19.01,73.1
2019,11,13,2,30,0,0,0,142.52,22.8,0,0,0,19.01,73.1
2019,11,13,3,30,0,0,0,128.43,22.5,0,0,0,19.01,73.1
2019,11,13,4,30,0,0,0,114.45,22.4,0,0,0,19.01,73.1
2019,11,13,5,30,0,0,0,100.66,22.2,0,0,0,19.01,73.1
2019,11,13,6,30,15,16,27,86.93,22.5,27,15,16,19.01,73.1
2019,11,13,7,30,62,62,0,74.03,23.3,255,123,193,19.01,73.1
2019,11,13,8,30,194,397,429,61.73,24.4,429,194,397,19.01,73.1
2019,11,13,9,30,237,573,531,50.7,25.8,531,237,573,19.01,73.1
2019,11,13,10,30,262,699,587,41.99,27.1,587,262,699,19.01,73.1
2019,11,13,11,30,272,760,613,37.28,28.1,613,272,760,19.01,73.1
2019,11,13,12,30,270,750,610,38.08,29.1,610,270,750,19.01,73.1
2019,11,13,13,30,255,670,578,44.09,29.8,578,255,670,19.01,73.1
2019,11,13,14,30,241,519,470,53.58,30.2,470,241,519,19.01,73.1
2019,11,13,15,30,185,334,353,65.04,30,353,185,334,19.01,73.1
2019,11,13,16,30,94,132,175,77.58,28.6,175,94,132,19.01,73.1
2019,11,13,17,30,0,0,0,90.86,26.9,0,0,0,19.01,73.1
2019,11,13,18,30,0,0,0,104.46,25.7,0,0,0,19.01,73.1
2019,11,13,19,30,0,0,0,118.3,24.8,0,0,0,19.01,73.1
2019,11,13,20,30,0,0,0,132.31,24,0,0,0,19.01,73.1
2019,11,13,21,30,0,0,0,146.42,23.2,0,0,0,19.01,73.1
2019,11,13,22,30,0,0,0,160.58,22.5,0,0,0,19.01,73.1
2019,11,13,23,30,0,0,0,174.73,21.8,0,0,0,19.01,73.1
2019,11,14,0,30,0,0,0,170.91,21.2,0,0,0,19.01,73.1
2019,11,14,1,30,0,0,0,156.74,20.7,0,0,0,19.01,73.1
2019,11,14,2,30,0,0,0,142.59,20.2,0,0,0,19.01,73.1
2019,11,14,3,30,0,0,0,128.51,19.9,0,0,0,19.01,73.1
2019,11,14,4,30,0,0,0,114.55,19.7,0,0,0,19.01,73.1
2019,11,14,5,30,0,0,0,100.77,19.3,0,0,0,19.01,73.1
2019,11,14,6,30,15,17,42,87.04,19.7,42,15,17,19.01,73.1
2019,11,14,7,30,110,197,320,74.18,21.1,320,110,197,19.01,73.1
2019,11,14,8,30,168,407,506,61.9,23.4,506,168,407,19.01,73.1
2019,11,14,9,30,201,589,616,50.91,26.1,616,201,589,19.01,73.1
2019,11,14,10,30,217,718,677,42.24,28.2,677,217,718,19.01,73.1
2019,11,14,11,30,232,777,687,37.54,29.5,687,232,777,19.01,73.1
2019,11,14,12,30,234,768,680,38.32,30.3,680,234,768,19.01,73.1
2019,11,14,13,30,225,685,644,44.29,30.7,644,225,685,19.01,73.1
2019,11,14,14,30,212,535,547,53.73,30.6,547,212,535,19.01,73.1
2019,11,14,15,30,169,343,414,65.15,30.3,414,169,343,19.01,73.1
2019,11,14,16,30,93,138,211,77.66,29.1,211,93,138,19.01,73.1
2019,11,14,17,30,0,0,0,90.92,27.5,0,0,0,19.01,73.1
2019,11,14,18,30,0,0,0,104.49,26.1,0,0,0,19.01,73.1
2019,11,14,19,30,0,0,0,118.32,25.2,0,0,0,19.01,73.1
2019,11,14,20,30,0,0,0,132.32,24.7,0,0,0,19.01,73.1
2019,11,14,21,30,0,0,0,146.42,24.3,0,0,0,19.01,73.1
2019,11,14,22,30,0,0,0,160.58,23.7,0,0,0,19.01,73.1
2019,11,14,23,30,0,0,0,174.74,23.1,0,0,0,19.01,73.1
2019,11,15,0,30,0,0,0,170.97,22.7,0,0,0,19.01,73.1
2019,11,15,1,30,0,0,0,156.8,22.4,0,0,0,19.01,73.1
2019,11,15,2,30,0,0,0,142.66,22.3,0,0,0,19.01,73.1
2019,11,15,3,30,0,0,0,128.59,22.2,0,0,0,19.01,73.1
2019,11,15,4,30,0,0,0,114.64,22.2,0,0,0,19.01,73.1
2019,11,15,5,30,0,0,0,100.88,22.1,0,0,0,19.01,73.1
2019,11,15,6,30,8,9,8,87.17,22.6,8,8,9,19.01,73.1
2019,11,15,7,30,131,170,147,74.33,23.9,147,131,170,19.01,73.1
2019,11,15,8,30,233,373,300,62.08,25.8,300,233,373,19.01,73.1
2019,11,15,9,30,283,545,418,51.12,27.8,418,283,545,19.01,73.1
2019,11,15,10,30,307,671,494,42.48,29.3,494,307,671,19.01,73.1
2019,11,15,11,30,397,533,173,37.8,30.2,497,334,727,19.01,73.1
2019,11,15,12,30,391,538,188,38.56,30.5,490,338,722,19.01,73.1
2019,11,15,13,30,347,442,134,44.48,30.5,440,327,641,19.01,73.1
2019,11,15,14,30,249,278,48,53.88,30.1,372,283,502,19.01,73.1
2019,11,15,15,30,29,29,0,65.26,29.6,276,206,322,19.01,73.1
2019,11,15,16,30,11,11,0,77.73,28.5,119,96,121,19.01,73.1
2019,11,15,17,30,0,0,0,90.97,27,0,0,0,19.01,73.1
2019,11,15,18,30,0,0,0,104.53,25.9,0,0,0,19.01,73.1
2019,11,15,19,30,0,0,0,118.34,25.4,0,0,0,19.01,73.1
2019,11,15,20,30,0,0,0,132.32,24.9,0,0,0,19.01,73.1
2019,11,15,21,30,0,0,0,146.41,24.5,0,0,0,19.01,73.1
2019,11,15,22,30,0,0,0,160.56,24.1,0,0,0,19.01,73.1
2019,11,15,23,30,0,0,0,174.73,23.7,0,0,0,19.01,73.1
2019,11,16,0,30,0,0,0,171.04,23.4,0,0,0,19.01,73.1
2019,11,16,1,30,0,0,0,156.86,23.1,0,0,0,19.01,73.1
2019,11,16,2,30,0,0,0,142.73,22.7,0,0,0,19.01,73.1
2019,11,16,3,30,0,0,0,128.67,22.5,0,0,0,19.01,73.1
2019,11,16,4,30,0,0,0,114.74,22.4,0,0,0,19.01,73.1
2019,11,16,5,30,0,0,0,100.99,22.2,0,0,0,19.01,73.1
2019,11,16,6,30,12,13,24,87.29,22.8,24,12,13,19.01,73.1
2019,11,16,7,30,116,186,263,74.48,24.2,263,116,186,19.01,73.1
2019,11,16,8,30,179,387,447,62.26,26.3,447,179,387,19.01,73.1
2019,11,16,9,30,214,564,559,51.33,28.4,559,214,564,19.01,73.1
2019,11,16,10,30,240,691,614,42.72,29.9,614,240,691,19.01,73.1
2019,11,16,11,30,273,743,597,38.06,30.9,597,273,743,19.01,73.1
2019,11,16,12,30,375,597,284,38.8,31.4,584,276,731,19.01,73.1
2019,11,16,13,30,339,518,252,44.67,31.6,549,261,652,19.01,73.1
2019,11,16,14,30,272,374,173,54.02,31.6,472,234,511,19.01,73.1
2019,11,16,15,30,178,230,125,65.36,31.3,354,180,328,19.01,73.1
2019,11,16,16,30,94,129,164,77.8,30.2,164,94,129,19.01,73.1
2019,11,16,17,30,0,0,0,91.01,28.5,0,0,0,19.01,73.1
2019,11,16,18,30,0,0,0,104.56,27.3,0,0,0,19.01,73.1
2019,11,16,19,30,0,0,0,118.35,26.6,0,0,0,19.01,73.1
2019,11,16,20,30,0,0,0,132.32,26.1,0,0,0,19.01,73.1
2019,11,16,21,30,0,0,0,146.4,25.6,0,0,0,19.01,73.1
2019,11,16,22,30,0,0,0,160.54,25.1,0,0,0,19.01,73.1
2019,11,16,23,30,0,0,0,174.71,24.6,0,0,0,19.01,73.1
2019,11,17,0,30,0,0,0,171.09,24.2,0,0,0,19.01,73.1
2019,11,17,1,30,0,0,0,156.92,23.9,0,0,0,19.01,73.1
2019,11,17,2,30,0,0,0,142.8,23.5,0,0,0,19.01,73.1
2019,11,17,3,30,0,0,0,128.75,23.3,0,0,0,19.01,73.1
2019,11,17,4,30,0,0,0,114.83,23.1,0,0,0,19.01,73.1
2019,11,17,5,30,0,0,0,101.1,22.9,0,0,0,19.01,73.1
2019,11,17,6,30,10,11,15,87.41,23.2,15,10,11,19.01,73.1
2019,11,17,7,30,123,178,205,74.63,24.1,205,123,178,19.01,73.1
2019,11,17,8,30,207,378,370,62.43,25.6,370,207,378,19.01,73.1
2019,11,17,9,30,254,554,481,51.53,27.7,481,254,554,19.01,73.1
2019,11,17,10,30,278,680,549,42.96,29.5,549,278,680,19.01,73.1
2019,11,17,11,30,320,732,525,38.31,30.6,525,320,732,19.01,73.1
2019,11,17,12,30,323,721,512,39.03,31.3,512,323,721,19.01,73.1
2019,11,17,13,30,346,469,174,44.85,31.5,468,305,637,19.01,73.1
2019,11,17,14,30,272,355,143,54.15,31.5,443,247,506,19.01,73.1
2019,11,17,15,30,189,324,324,65.45,31,324,189,324,19.01,73.1
2019,11,17,16,30,93,124,151,77.87,29.5,151,93,124,19.01,73.1
2019,11,17,17,30,0,0,0,91.06,27.8,0,0,0,19.01,73.1
2019,11,17,18,30,0,0,0,104.58,26.8,0,0,0,19.01,73.1
2019,11,17,19,30,0,0,0,118.36,26.1,0,0,0,19.01,73.1
2019,11,17,20,30,0,0,0,132.31,25.3,0,0,0,19.01,73.1
2019,11,17,21,30,0,0,0,146.38,24.5,0,0,0,19.01,73.1
2019,11,17,22,30,0,0,0,160.51,23.8,0,0,0,19.01,73.1
2019,11,17,23,30,0,0,0,174.68,23.1,0,0,0,19.01,73.1
2019,11,18,0,30,0,0,0,171.15,22.6,0,0,0,19.01,73.1
2019,11,18,1,30,0,0,0,156.99,22.1,0,0,0,19.01,73.1
2019,11,18,2,30,0,0,0,142.87,21.7,0,0,0,19.01,73.1
2019,11,18,3,30,0,0,0,128.84,21.4,0,0,0,19.01,73.1
2019,11,18,4,30,0,0,0,114.93,21.2,0,0,0,19.01,73.1
2019,11,18,5,30,0,0,0,101.22,20.8,0,0,0,19.01,73.1
2019,11,18,6,30,13,15,41,87.53,21.2,41,13,15,19.01,73.1
2019,11,18,7,30,100,192,351,74.78,22.5,351,100,192,19.01,73.1
2019,11,18,8,30,149,402,549,62.61,24.6,549,149,402,19.01,73.1
2019,11,18,9,30,175,587,665,51.74,27.1,665,175,587,19.01,73.1
2019,11,18,10,30,188,718,727,43.19,29.2,727,188,718,19.01,73.1
2019,11,18,11,30,194,784,754,38.56,30.4,754,194,784,19.01,73.1
2019,11,18,12,30,197,772,742,39.25,31.1,742,197,772,19.01,73.1
2019,11,18,13,30,192,689,704,45.03,31.5,704,192,689,19.01,73.1
2019,11,18,14,30,183,540,611,54.28,31.5,611,183,540,19.01,73.1
2019,11,18,15,30,148,347,481,65.54,30.7,481,148,347,19.01,73.1
2019,11,18,16,30,84,139,263,77.93,29.1,263,84,139,19.01,73.1
2019,11,18,17,30,0,0,0,91.09,27.1,0,0,0,19.01,73.1
2019,11,18,18,30,0,0,0,104.6,25.6,0,0,0,19.01,73.1
2019,11,18,19,30,0,0,0,118.36,24.4,0,0,0,19.01,73.1
2019,11,18,20,30,0,0,0,132.3,23.5,0,0,0,19.01,73.1
2019,11,18,21,30,0,0,0,146.35,22.9,0,0,0,19.01,73.1
2019,11,18,22,30,0,0,0,160.47,22.4,0,0,0,19.01,73.1
2019,11,18,23,30,0,0,0,174.63,22,0,0,0,19.01,73.1
2019,11,19,0,30,0,0,0,171.2,21.6,0,0,0,19.01,73.1
2019,11,19,1,30,0,0,0,157.05,21.3,0,0,0,19.01,73.1
2019,11,19,2,30,0,0,0,142.95,21.1,0,0,0,19.01,73.1
2019,11,19,3,30,0,0,0,128.93,20.9,0,0,0,19.01,73.1
2019,11,19,4,30,0,0,0,115.03,20.8,0,0,0,19.01,73.1
2019,11,19,5,30,0,0,0,101.33,20.5,0,0,0,19.01,73.1
2019,11,19,6,30,9,10,20,87.66,20.8,20,9,10,19.01,73.1
2019,11,19,7,30,114,177,242,74.93,21.8,242,114,177,19.01,73.1
2019,11,19,8,30,191,381,415,62.78,23.4,415,191,381,19.01,73.1
2019,11,19,9,30,248,500,408,51.94,25.7,530,234,560,19.01,73.1
2019,11,19,10,30,254,690,601,43.42,28.2,601,254,690,19.01,73.1
2019,11,19,11,30,247,760,659,38.8,29.9,659,247,760,19.01,73.1
2019,11,19,12,30,247,749,651,39.47,30.8,651,247,749,19.01,73.1
2019,11,19,13,30,282,599,450,45.2,31.2,616,235,669,19.01,73.1
2019,11,19,14,30,239,455,371,54.4,31.4,495,229,518,19.01,73.1
2019,11,19,15,30,164,283,287,65.63,31.1,378,175,331,19.01,73.1
2019,11,19,16,30,78,92,63,77.98,29.5,191,89,128,19.01,73.1
2019,11,19,17,30,0,0,0,91.12,27.6,0,0,0,19.01,73.1
2019,11,19,18,30,0,0,0,104.61,26.2,0,0,0,19.01,73.1
2019,11,19,19,30,0,0,0,118.36,25,0,0,0,19.01,73.1
2019,11,19,20,30,0,0,0,132.29,23.9,0,0,0,19.01,73.1
2019,11,19,21,30,0,0,0,146.32,23.1,0,0,0,19.01,73.1
2019,11,19,22,30,0,0,0,160.43,22.4,0,0,0,19.01,73.1
2019,11,19,23,30,0,0,0,174.56,21.6,0,0,0,19.01,73.1
2019,11,20,0,30,0,0,0,171.25,21,0,0,0,19.01,73.1
2019,11,20,1,30,0,0,0,157.12,20.4,0,0,0,19.01,73.1
2019,11,20,2,30,0,0,0,143.03,20,0,0,0,19.01,73.1
2019,11,20,3,30,0,0,0,129.02,19.7,0,0,0,19.01,73.1
2019,11,20,4,30,0,0,0,115.13,19.5,0,0,0,19.01,73.1
2019,11,20,5,30,0,0,0,101.45,19.3,0,0,0,19.01,73.1
2019,11,20,6,30,9,10,22,87.78,19.9,22,9,10,19.01,73.1
2019,11,20,7,30,95,102,24,75.08,21.4,263,111,178,19.01,73.1
2019,11,20,8,30,193,300,236,62.96,23.5,444,181,383,19.01,73.1
2019,11,20,9,30,266,467,326,52.15,26.2,557,222,563,19.01,73.1
2019,11,20,10,30,244,691,617,43.65,28.7,617,244,691,19.01,73.1
2019,11,20,11,30,302,733,556,39.04,30.1,556,302,733,19.01,73.1
2019,11,20,12,30,313,725,535,39.68,30.9,535,313,725,19.01,73.1
2019,11,20,13,30,303,643,484,45.36,31.2,484,303,643,19.01,73.1
2019,11,20,14,30,218,523,526,54.52,31.3,526,218,523,19.01,73.1
2019,11,20,15,30,173,333,390,65.71,30.9,390,173,333,19.01,73.1
2019,11,20,16,30,90,129,192,78.03,29.6,192,90,129,19.01,73.1
2019,11,20,17,30,0,0,0,91.15,27.5,0,0,0,19.01,73.1
2019,11,20,18,30,0,0,0,104.62,26,0,0,0,19.01,73.1
2019,11,20,19,30,0,0,0,118.35,25,0,0,0,19.01,73.1
2019,11,20,20,30,0,0,0,132.27,24.3,0,0,0,19.01,73.1
2019,11,20,21,30,0,0,0,146.29,23.6,0,0,0,19.01,73.1
2019,11,20,22,30,0,0,0,160.38,23,0,0,0,19.01,73.1
2019,11,20,23,30,0,0,0,174.48,22.5,0,0,0,19.01,73.1
2019,11,21,0,30,0,0,0,171.29,22.1,0,0,0,19.01,73.1
2019,11,21,1,30,0,0,0,157.18,21.7,0,0,0,19.01,73.1
2019,11,21,2,30,0,0,0,143.1,21.4,0,0,0,19.01,73.1
2019,11,21,3,30,0,0,0,129.11,21.1,0,0,0,19.01,73.1
2019,11,21,4,30,0,0,0,115.24,21,0,0,0,19.01,73.1
2019,11,21,5,30,0,0,0,101.56,20.7,0,0,0,19.01,73.1
2019,11,21,6,30,6,6,9,87.9,21,9,6,6,19.01,73.1
2019,11,21,7,30,116,156,155,75.23,22.2,155,116,156,19.01,73.1
2019,11,21,8,30,222,351,286,63.13,24.3,286,222,351,19.01,73.1
2019,11,21,9,30,300,526,370,52.35,26.7,370,300,526,19.01,73.1
2019,11,21,10,30,348,647,415,43.88,28.8,415,348,647,19.01,73.1
2019,11,21,11,30,345,713,476,39.27,30.2,476,345,713,19.01,73.1
2019,11,21,12,30,351,701,456,39.89,31,456,351,701,19.01,73.1
2019,11,21,13,30,341,470,184,45.52,31.4,412,333,622,19.01,73.1
2019,11,21,14,30,268,357,153,54.63,31.4,317,297,481,19.01,73.1
2019,11,21,15,30,174,215,99,65.78,31.1,216,211,300,19.01,73.1
2019,11,21,16,30,86,104,90,78.08,30.1,90,86,104,19.01,73.1
2019,11,21,17,30,0,0,0,91.17,28.6,0,0,0,19.01,73.1
2019,11,21,18,30,0,0,0,104.62,27.5,0,0,0,19.01,73.1
2019,11,21,19,30,0,0,0,118.34,26.5,0,0,0,19.01,73.1
2019,11,21,20,30,0,0,0,132.24,25.7,0,0,0,19.01,73.1
2019,11,21,21,30,0,0,0,146.25,25,0,0,0,19.01,73.1
2019,11,21,22,30,0,0,0,160.33,24.3,0,0,0,19.01,73.1
2019,11,21,23,30,0,0,0,174.4,23.7,0,0,0,19.01,73.1
2019,11,22,0,30,0,0,0,171.33,23.2,0,0,0,19.01,73.1
2019,11,22,1,30,0,0,0,157.25,22.7,0,0,0,19.01,73.1
2019,11,22,2,30,0,0,0,143.18,22.3,0,0,0,19.01,73.1
2019,11,22,3,30,0,0,0,129.2,21.8,0,0,0,19.01,73.1
2019,11,22,4,30,0,0,0,115.34,21.6,0,0,0,19.01,73.1
2019,11,22,5,30,0,0,0,101.68,21,0,0,0,19.01,73.1
2019,11,22,6,30,6,7,9,88.03,21.2,9,6,7,19.01,73.1
2019,11,22,7,30,116,167,202,75.38,22.4,202,116,167,19.01,73.1
2019,11,22,8,30,191,367,392,63.31,24.5,392,191,367,19.01,73.1
2019,11,22,9,30,232,546,516,52.54,27,516,232,546,19.01,73.1
2019,11,22,10,30,258,672,577,44.1,28.9,577,258,672,19.01,73.1
2019,11,22,11,30,308,721,535,39.49,30.1,535,308,721,19.01,73.1
2019,11,22,12,30,316,714,520,40.09,30.6,520,316,714,19.01,73.1
2019,11,22,13,30,300,637,481,45.67,30.8,481,300,637,19.01,73.1
2019,11,22,14,30,266,379,196,54.73,30.6,401,266,498,19.01,73.1
2019,11,22,15,30,169,196,65,65.85,30.2,290,198,316,19.01,73.1
2019,11,22,16,30,90,117,132,78.12,29,132,90,117,19.01,73.1
2019,11,22,17,30,0,0,0,91.19,27.1,0,0,0,19.01,73.1
2019,11,22,18,30,0,0,0,104.62,25.7,0,0,0,19.01,73.1
2019,11,22,19,30,0,0,0,118.33,24.9,0,0,0,19.01,73.1
2019,11,22,20,30,0,0,0,132.21,24.3,0,0,0,19.01,73.1
2019,11,22,21,30,0,0,0,146.21,23.7,0,0,0,19.01,73.1
2019,11,22,22,30,0,0,0,160.27,23.1,0,0,0,19.01,73.1
2019,11,22,23,30,0,0,0,174.3,22.7,0,0,0,19.01,73.1
2019,11,23,0,30,0,0,0,171.37,22.3,0,0,0,19.01,73.1
2019,11,23,1,30,0,0,0,157.31,21.9,0,0,0,19.01,73.1
2019,11,23,2,30,0,0,0,143.26,21.5,0,0,0,19.01,73.1
2019,11,23,3,30,0,0,0,129.29,21.1,0,0,0,19.01,73.1
2019,11,23,4,30,0,0,0,115.45,20.9,0,0,0,19.01,73.1
2019,11,23,5,30,0,0,0,101.8,20.5,0,0,0,19.01,73.1
2019,11,23,6,30,8,9,23,88.15,20.6,23,8,9,19.01,73.1
2019,11,23,7,30,101,177,306,75.53,21.7,306,101,177,19.01,73.1
2019,11,23,8,30,157,384,507,63.48,23.8,507,157,384,19.01,73.1
2019,11,23,9,30,189,563,618,52.74,26.4,618,189,563,19.01,73.1
2019,11,23,10,30,208,691,675,44.31,28.6,675,208,691,19.01,73.1
2019,11,23,11,30,225,748,680,39.71,30,680,225,748,19.01,73.1
2019,11,23,12,30,228,738,668,40.28,30.7,668,228,738,19.01,73.1
2019,11,23,13,30,220,659,629,45.81,30.8,629,220,659,19.01,73.1
2019,11,23,14,30,205,514,536,54.83,30.8,536,205,514,19.01,73.1
2019,11,23,15,30,161,330,414,65.91,30.4,414,161,330,19.01,73.1
2019,11,23,16,30,85,129,217,78.15,29.2,217,85,129,19.01,73.1
2019,11,23,17,30,0,0,0,91.2,27.9,0,0,0,19.01,73.1
2019,11,23,18,30,0,0,0,104.62,26.8,0,0,0,19.01,73.1
2019,11,23,19,30,0,0,0,118.3,25.8,0,0,0,19.01,73.1
2019,11,23,20,30,0,0,0,132.17,25,0,0,0,19.01,73.1
2019,11,23,21,30,0,0,0,146.16,24.2,0,0,0,19.01,73.1
2019,11,23,22,30,0,0,0,160.21,23.5,0,0,0,19.01,73.1
2019,11,23,23,30,0,0,0,174.19,22.9,0,0,0,19.01,73.1
2019,11,24,0,30,0,0,0,171.41,22.3,0,0,0,19.01,73.1
2019,11,24,1,30,0,0,0,157.38,21.8,0,0,0,19.01,73.1
2019,11,24,2,30,0,0,0,143.35,21.4,0,0,0,19.01,73.1
2019,11,24,3,30,0,0,0,129.38,21.1,0,0,0,19.01,73.1
2019,11,24,4,30,0,0,0,115.55,21,0,0,0,19.01,73.1
2019,11,24,5,30,0,0,0,101.92,20.6,0,0,0,19.01,73.1
2019,11,24,6,30,8,9,25,88.28,20.8,25,8,9,19.01,73.1
2019,11,24,7,30,96,176,323,75.68,21.9,323,96,176,19.01,73.1
2019,11,24,8,30,152,382,518,63.65,23.9,518,152,382,19.01,73.1
2019,11,24,9,30,184,563,629,52.94,26.3,629,184,563,19.01,73.1
2019,11,24,10,30,203,693,688,44.53,28.4,688,203,693,19.01,73.1
2019,11,24,11,30,233,746,669,39.93,29.8,669,233,746,19.01,73.1
2019,11,24,12,30,235,738,661,40.46,30.6,661,235,738,19.01,73.1
2019,11,24,13,30,227,657,618,45.95,30.8,618,227,657,19.01,73.1
2019,11,24,14,30,184,526,594,54.93,30.9,594,184,526,19.01,73.1
2019,11,24,15,30,148,337,464,65.97,30.7,464,148,337,19.01,73.1
2019,11,24,16,30,78,101,113,78.18,29.5,247,84,134,19.01,73.1
2019,11,24,17,30,0,0,0,91.21,28,0,0,0,19.01,73.1
2019,11,24,18,30,0,0,0,104.6,26.7,0,0,0,19.01,73.1
2019,11,24,19,30,0,0,0,118.28,25.4,0,0,0,19.01,73.1
2019,11,24,20,30,0,0,0,132.14,24,0,0,0,19.01,73.1
2019,11,24,21,30,0,0,0,146.11,22.8,0,0,0,19.01,73.1
2019,11,24,22,30,0,0,0,160.14,21.8,0,0,0,19.01,73.1
2019,11,24,23,30,0,0,0,174.08,21.1,0,0,0,19.01,73.1
2019,11,25,0,30,0,0,0,171.45,20.5,0,0,0,19.01,73.1
2019,11,25,1,30,0,0,0,157.45,20,0,0,0,19.01,73.1
2019,11,25,2,30,0,0,0,143.43,19.6,0,0,0,19.01,73.1
2019,11,25,3,30,0,0,0,129.48,19.2,0,0,0,19.01,73.1
2019,11,25,4,30,0,0,0,115.66,19.1,0,0,0,19.01,73.1
2019,11,25,5,30,0,0,0,102.04,18.8,0,0,0,19.01,73.1
2019,11,25,6,30,7,8,21,88.4,19.3,21,7,8,19.01,73.1
2019,11,25,7,30,99,173,303,75.84,20.9,303,99,173,19.01,73.1
2019,11,25,8,30,158,379,501,63.82,23.3,501,158,379,19.01,73.1
2019,11,25,9,30,190,562,620,53.13,26.2,620,190,562,19.01,73.1
2019,11,25,10,30,206,692,684,44.74,28.7,684,206,692,19.01,73.1
2019,11,25,11,30,228,752,685,40.14,30.3,685,228,752,19.01,73.1
2019,11,25,12,30,226,745,684,40.64,31,684,226,745,19.01,73.1
2019,11,25,13,30,212,669,658,46.09,31.3,658,212,669,19.01,73.1
2019,11,25,14,30,190,526,585,55.01,31.5,585,190,526,19.01,73.1
2019,11,25,15,30,150,339,464,66.02,31.3,464,150,339,19.01,73.1
2019,11,25,16,30,82,134,250,78.2,30.2,250,82,134,19.01,73.1
2019,11,25,17,30,0,0,0,91.21,28.4,0,0,0,19.01,73.1
2019,11,25,18,30,0,0,0,104.59,26.8,0,0,0,19.01,73.1
2019,11,25,19,30,0,0,0,118.25,25.6,0,0,0,19.01,73.1
2019,11,25,20,30,0,0,0,132.09,24.4,0,0,0,19.01,73.1
2019,11,25,21,30,0,0,0,146.05,23.4,0,0,0,19.01,73.1
2019,11,25,22,30,0,0,0,160.06,22.5,0,0,0,19.01,73.1
2019,11,25,23,30,0,0,0,173.96,21.8,0,0,0,19.01,73.1
2019,11,26,0,30,0,0,0,171.48,21.2,0,0,0,19.01,73.1
2019,11,26,1,30,0,0,0,157.52,20.6,0,0,0,19.01,73.1
2019,11,26,2,30,0,0,0,143.51,20.2,0,0,0,19.01,73.1
2019,11,26,3,30,0,0,0,129.58,20,0,0,0,19.01,73.1
2019,11,26,4,30,0,0,0,115.77,19.9,0,0,0,19.01,73.1
2019,11,26,5,30,0,0,0,102.16,19.7,0,0,0,19.01,73.1
2019,11,26,6,30,8,9,28,88.53,20.3,28,8,9,19.01,73.1
2019,11,26,7,30,93,178,349,75.99,21.8,349,93,178,19.01,73.1
2019,11,26,8,30,147,385,545,63.99,24,545,147,385,19.01,73.1
2019,11,26,9,30,175,566,654,53.32,26.5,654,175,566,19.01,73.1
2019,11,26,10,30,193,697,712,44.94,28.5,712,193,697,19.01,73.1
2019,11,26,11,30,199,762,739,40.34,29.8,739,199,762,19.01,73.1
2019,11,26,12,30,202,755,731,40.82,30.6,731,202,755,19.01,73.1
2019,11,26,13,30,195,676,695,46.21,30.9,695,195,676,19.01,73.1
2019,11,26,14,30,187,528,595,55.1,31.1,595,187,528,19.01,73.1
2019,11,26,15,30,151,338,460,66.07,31,460,151,338,19.01,73.1
2019,11,26,16,30,84,133,243,78.22,30,243,84,133,19.01,73.1
2019,11,26,17,30,0,0,0,91.21,28.4,0,0,0,19.01,73.1
2019,11,26,18,30,0,0,0,104.57,27,0,0,0,19.01,73.1
2019,11,26,19,30,0,0,0,118.21,25.7,0,0,0,19.01,73.1
2019,11,26,20,30,0,0,0,132.04,24.5,0,0,0,19.01,73.1
2019,11,26,21,30,0,0,0,145.99,23.4,0,0,0,19.01,73.1
2019,11,26,22,30,0,0,0,159.98,22.6,0,0,0,19.01,73.1
2019,11,26,23,30,0,0,0,173.84,21.9,0,0,0,19.01,73.1
2019,11,27,0,30,0,0,0,171.52,21.4,0,0,0,19.01,73.1
2019,11,27,1,30,0,0,0,157.59,21,0,0,0,19.01,73.1
2019,11,27,2,30,0,0,0,143.6,20.6,0,0,0,19.01,73.1
2019,11,27,3,30,0,0,0,129.68,20.2,0,0,0,19.01,73.1
2019,11,27,4,30,0,0,0,115.88,20.1,0,0,0,19.01,73.1
2019,11,27,5,30,0,0,0,102.29,19.7,0,0,0,19.01,73.1
2019,11,27,6,30,6,7,17,88.65,20.1,17,6,7,19.01,73.1
2019,11,27,7,30,94,169,312,76.14,21.6,312,94,169,19.01,73.1
2019,11,27,8,30,147,378,530,64.16,24.1,530,147,378,19.01,73.1
2019,11,27,9,30,172,560,651,53.5,26.9,651,172,560,19.01,73.1
2019,11,27,10,30,189,689,708,45.14,28.9,708,189,689,19.01,73.1
2019,11,27,11,30,206,750,716,40.54,30.1,716,206,750,19.01,73.1
2019,11,27,12,30,207,742,709,40.98,30.7,709,207,742,19.01,73.1
2019,11,27,13,30,201,667,674,46.33,31,674,201,667,19.01,73.1
2019,11,27,14,30,189,524,587,55.17,30.9,587,189,524,19.01,73.1
2019,11,27,15,30,151,337,459,66.11,30.6,459,151,337,19.01,73.1
2019,11,27,16,30,84,134,246,78.24,29.3,246,84,134,19.01,73.1
2019,11,27,17,30,0,0,0,91.2,27.4,0,0,0,19.01,73.1
2019,11,27,18,30,0,0,0,104.55,25.8,0,0,0,19.01,73.1
2019,11,27,19,30,0,0,0,118.18,24.7,0,0,0,19.01,73.1
2019,11,27,20,30,0,0,0,131.99,24,0,0,0,19.01,73.1
2019,11,27,21,30,0,0,0,145.92,23.2,0,0,0,19.01,73.1
2019,11,27,22,30,0,0,0,159.9,22.5,0,0,0,19.01,73.1
2019,11,27,23,30,0,0,0,173.71,21.8,0,0,0,19.01,73.1
2019,11,28,0,30,0,0,0,171.55,21.1,0,0,0,19.01,73.1
2019,11,28,1,30,0,0,0,157.66,20.5,0,0,0,19.01,73.1
2019,11,28,2,30,0,0,0,143.69,20,0,0,0,19.01,73.1
2019,11,28,3,30,0,0,0,129.78,19.7,0,0,0,19.01,73.1
2019,11,28,4,30,0,0,0,115.99,19.5,0,0,0,19.01,73.1
2019,11,28,5,30,0,0,0,102.41,19.2,0,0,0,19.01,73.1
2019,11,28,6,30,7,8,22,88.77,19.6,22,7,8,19.01,73.1
2019,11,28,7,30,89,172,348,76.29,21.1,348,89,172,19.01,73.1
2019,11,28,8,30,140,377,548,64.33,23.6,548,140,377,19.01,73.1
2019,11,28,9,30,172,559,655,53.69,26.4,655,172,559,19.01,73.1
2019,11,28,10,30,189,689,711,45.34,28.8,711,189,689,19.01,73.1
2019,11,28,11,30,189,756,748,40.73,30.1,748,189,756,19.01,73.1
2019,11,28,12,30,188,749,744,41.14,30.9,744,188,749,19.01,73.1
2019,11,28,13,30,180,671,713,46.44,31.2,713,180,671,19.01,73.1
2019,11,28,14,30,176,525,612,55.24,31.2,612,176,525,19.01,73.1
2019,11,28,15,30,143,338,481,66.14,30.8,481,143,338,19.01,73.1
2019,11,28,16,30,82,134,254,78.25,29.7,254,82,134,19.01,73.1
2019,11,28,17,30,0,0,0,91.19,28.1,0,0,0,19.01,73.1
2019,11,28,18,30,0,0,0,104.52,26.6,0,0,0,19.01,73.1
2019,11,28,19,30,0,0,0,118.13,25.6,0,0,0,19.01,73.1
2019,11,28,20,30,0,0,0,131.94,24.9,0,0,0,19.01,73.1
2019,11,28,21,30,0,0,0,145.85,24.3,0,0,0,19.01,73.1
2019,11,28,22,30,0,0,0,159.82,23.6,0,0,0,19.01,73.1
2019,11,28,23,30,0,0,0,173.57,23.1,0,0,0,19.01,73.1
2019,11,29,0,30,0,0,0,171.58,22.6,0,0,0,19.01,73.1
2019,11,29,1,30,0,0,0,157.74,22.2,0,0,0,19.01,73.1
2019,11,29,2,30,0,0,0,143.78,21.8,0,0,0,19.01,73.1
2019,11,29,3,30,0,0,0,129.88,21.5,0,0,0,19.01,73.1
2019,11,29,4,30,0,0,0,116.1,21.4,0,0,0,19.01,73.1
2019,11,29,5,30,0,0,0,102.53,21.1,0,0,0,19.01,73.1
2019,11,29,6,30,5,5,9,88.9,21.7,9,5,5,19.01,73.1
2019,11,29,7,30,99,157,250,76.44,23.2,250,99,157,19.01,73.1
2019,11,29,8,30,167,356,438,64.5,25.2,438,167,356,19.01,73.1
2019,11,29,9,30,208,532,550,53.87,27.7,550,208,532,19.01,73.1
2019,11,29,10,30,325,535,300,45.53,29.7,612,231,660,19.01,73.1
2019,11,29,11,30,308,650,452,40.91,30.9,571,280,711,19.01,73.1
2019,11,29,12,30,279,706,569,41.3,31.5,569,279,706,19.01,73.1
2019,11,29,13,30,324,509,269,46.55,31.7,540,262,634,19.01,73.1
2019,11,29,14,30,259,387,225,55.3,31.6,472,231,499,19.01,73.1
2019,11,29,15,30,174,322,367,66.17,31.2,367,174,322,19.01,73.1
2019,11,29,16,30,87,125,186,78.25,29.6,186,87,125,19.01,73.1
2019,11,29,17,30,0,0,0,91.17,27.4,0,0,0,19.01,73.1
2019,11,29,18,30,0,0,0,104.48,26,0,0,0,19.01,73.1
2019,11,29,19,30,0,0,0,118.09,25.2,0,0,0,19.01,73.1
2019,11,29,20,30,0,0,0,131.88,24.6,0,0,0,19.01,73.1
2019,11,29,21,30,0,0,0,145.78,24,0,0,0,19.01,73.1
2019,11,29,22,30,0,0,0,159.73,23.4,0,0,0,19.01,73.1
2019,11,29,23,30,0,0,0,173.44,23,0,0,0,19.01,73.1
2019,11,30,0,30,0,0,0,171.62,22.5,0,0,0,19.01,73.1
2019,11,30,1,30,0,0,0,157.81,22.2,0,0,0,19.01,73.1
2019,11,30,2,30,0,0,0,143.87,21.8,0,0,0,19.01,73.1
2019,11,30,3,30,0,0,0,129.98,21.6,0,0,0,19.01,73.1
2019,11,30,4,30,0,0,0,116.22,21.5,0,0,0,19.01,73.1
2019,11,30,5,30,0,0,0,102.66,21.3,0,0,0,19.01,73.1
2019,11,30,6,30,0,0,0,89.02,21.7,0,0,0,19.01,73.1
2019,11,30,7,30,84,139,237,76.59,23.1,295,94,163,19.01,73.1
2019,11,30,8,30,154,366,495,64.66,25.4,495,154,366,19.01,73.1
2019,11,30,9,30,250,449,339,54.05,27.9,605,189,544,19.01,73.1
2019,11,30,10,30,296,580,406,45.72,29.8,661,211,672,19.01,73.1
2019,11,30,11,30,359,583,297,41.09,31.1,625,253,724,19.01,73.1
2019,11,30,12,30,367,548,242,41.44,31.8,629,248,720,19.01,73.1
2019,11,30,13,30,333,430,142,46.65,32,602,233,646,19.01,73.1
2019,11,30,14,30,262,371,192,55.36,32.2,474,230,500,19.01,73.1
2019,11,30,15,30,165,186,53,66.19,31.7,369,174,323,19.01,73.1
2019,11,30,16,30,67,67,0,78.25,30.2,181,88,125,19.01,73.1
2019,11,30,17,30,0,0,0,91.15,28.5,0,0,0,19.01,73.1
2019,11,30,18,30,0,0,0,104.45,27,0,0,0,19.01,73.1
2019,11,30,19,30,0,0,0,118.04,26.1,0,0,0,19.01,73.1
2019,11,30,20,30,0,0,0,131.81,25.4,0,0,0,19.01,73.1
2019,11,30,21,30,0,0,0,145.7,24.7,0,0,0,19.01,73.1
2019,11,30,22,30,0,0,0,159.63,24.2,0,0,0,19.01,73.1
2019,11,30,23,30,0,0,0,173.3,23.7,0,0,0,19.01,73.1
2019,12,1,0,30,0,0,0,171.65,23.4,0,0,0,19.01,73.1
2019,12,1,1,30,0,0,0,157.89,23.1,0,0,0,19.01,73.1
2019,12,1,2,30,0,0,0,143.96,23,0,0,0,19.01,73.1
2019,12,1,3,30,0,0,0,130.08,22.7,0,0,0,19.01,73.1
2019,12,1,4,30,0,0,0,116.33,22.6,0,0,0,19.01,73.1
2019,12,1,5,30,0,0,0,102.78,22.5,0,0,0,19.01,73.1
2019,12,1,6,30,0,0,0,89.14,22.9,0,0,0,19.01,73.1
2019,12,1,7,30,106,133,121,76.74,24.1,121,106,133,19.01,73.1
2019,12,1,8,30,216,329,266,64.82,25.8,266,216,329,19.01,73.1
2019,12,1,9,30,248,447,339,54.22,27.9,384,279,503,19.01,73.1
2019,12,1,10,30,284,590,439,45.9,29.7,462,308,630,19.01,73.1
2019,12,1,11,30,305,648,456,41.26,30.8,532,301,700,19.01,73.1
2019,12,1,12,30,322,633,416,41.58,31.3,553,286,700,19.01,73.1
2019,12,1,13,30,304,544,351,46.74,31.4,526,268,628,19.01,73.1
2019,12,1,14,30,242,427,326,55.41,31.2,442,242,493,19.01,73.1
2019,12,1,15,30,167,192,63,66.21,30.6,323,186,316,19.01,73.1
2019,12,1,16,30,55,55,0,78.24,29.2,153,91,123,19.01,73.1
2019,12,1,17,30,0,0,0,91.13,27.5,0,0,0,19.01,73.1
2019,12,1,18,30,0,0,0,104.41,26.6,0,0,0,19.01,73.1
2019,12,1,19,30,0,0,0,117.98,25.9,0,0,0,19.01,73.1
2019,12,1,20,30,0,0,0,131.75,25.4,0,0,0,19.01,73.1
2019,12,1,21,30,0,0,0,145.62,25,0,0,0,19.01,73.1
2019,12,1,22,30,0,0,0,159.54,24.7,0,0,0,19.01,73.1
2019,12,1,23,30,0,0,0,173.16,24.4,0,0,0,19.01,73.1
2019,12,2,0,30,0,0,0,171.68,24.1,0,0,0,19.01,73.1
2019,12,2,1,30,0,0,0,157.97,23.8,0,0,0,19.01,73.1
2019,12,2,2,30,0,0,0,144.05,23.6,0,0,0,19.01,73.1
2019,12,2,3,30,0,0,0,130.19,23.4,0,0,0,19.01,73.1
2019,12,2,4,30,0,0,0,116.45,23.3,0,0,0,19.01,73.1
2019,12,2,5,30,0,0,0,102.91,23,0,0,0,19.01,73.1
2019,12,2,6,30,0,0,0,89.26,23.1,0,0,0,19.01,73.1
2019,12,2,7,30,106,136,129,76.88,23.8,129,106,136,19.01,73.1
2019,12,2,8,30,206,333,299,64.98,25.3,299,206,333,19.01,73.1
2019,12,2,9,30,252,511,446,54.39,27.5,446,252,511,19.01,73.1
2019,12,2,10,30,258,646,560,46.07,29.7,560,258,646,19.01,73.1
2019,12,2,11,30,204,731,703,41.43,31,703,204,731,19.01,73.1
2019,12,2,12,30,196,731,716,41.71,31.7,716,196,731,19.01,73.1
2019,12,2,13,30,300,550,366,46.83,31.9,696,183,660,19.01,73.1
2019,12,2,14,30,157,527,652,55.46,31.9,652,157,527,19.01,73.1
2019,12,2,15,30,164,267,254,66.23,31.5,532,129,343,19.01,73.1
2019,12,2,16,30,78,142,315,78.23,30.4,315,78,142,19.01,73.1
2019,12,2,17,30,0,0,0,91.1,29.3,0,0,0,19.01,73.1
2019,12,2,18,30,0,0,0,104.36,28.4,0,0,0,19.01,73.1
2019,12,2,19,30,0,0,0,117.92,27.2,0,0,0,19.01,73.1
2019,12,2,20,30,0,0,0,131.67,26,0,0,0,19.01,73.1
2019,12,2,21,30,0,0,0,145.54,24.8,0,0,0,19.01,73.1
2019,12,2,22,30,0,0,0,159.44,23.9,0,0,0,19.01,73.1
2019,12,2,23,30,0,0,0,173.02,23.3,0,0,0,19.01,73.1
2019,12,3,0,30,0,0,0,171.72,22.8,0,0,0,19.01,73.1
2019,12,3,1,30,0,0,0,158.05,22.4,0,0,0,19.01,73.1
2019,12,3,2,30,0,0,0,144.15,22.1,0,0,0,19.01,73.1
2019,12,3,3,30,0,0,0,130.29,21.8,0,0,0,19.01,73.1
2019,12,3,4,30,0,0,0,116.56,21.7,0,0,0,19.01,73.1
2019,12,3,5,30,0,0,0,103.03,21.5,0,0,0,19.01,73.1
2019,12,3,6,30,0,0,0,89.38,21.9,0,0,0,19.01,73.1
2019,12,3,7,30,82,133,229,77.03,23.4,291,90,155,19.01,73.1
2019,12,3,8,30,158,309,361,65.14,25.6,476,155,355,19.01,73.1
2019,12,3,9,30,197,529,573,54.56,27.8,573,197,529,19.01,73.1
2019,12,3,10,30,313,540,328,46.25,29.4,619,226,654,19.01,73.1
2019,12,3,11,30,208,728,695,41.59,30.3,695,208,728,19.01,73.1
2019,12,3,12,30,333,614,378,41.84,30.9,684,212,722,19.01,73.1
2019,12,3,13,30,316,518,295,46.91,31.1,644,206,646,19.01,73.1
2019,12,3,14,30,258,383,220,55.5,30.9,588,182,515,19.01,73.1
2019,12,3,15,30,172,237,160,66.23,30.4,455,150,333,19.01,73.1
2019,12,3,16,30,86,135,241,78.21,29.4,241,86,135,19.01,73.1
2019,12,3,17,30,0,0,0,91.06,28.7,0,0,0,19.01,73.1
2019,12,3,18,30,0,0,0,104.31,28.3,0,0,0,19.01,73.1
2019,12,3,19,30,0,0,0,117.86,27.6,0,0,0,19.01,73.1
2019,12,3,20,30,0,0,0,131.6,26.9,0,0,0,19.01,73.1
2019,12,3,21,30,0,0,0,145.46,26.2,0,0,0,19.01,73.1
2019,12,3,22,30,0,0,0,159.34,25.6,0,0,0,19.01,73.1
2019,12,3,23,30,0,0,0,172.88,25.1,0,0,0,19.01,73.1
2019,12,4,0,30,0,0,0,171.75,24.6,0,0,0,19.01,73.1
2019,12,4,1,30,0,0,0,158.13,24.1,0,0,0,19.01,73.1
2019,12,4,2,30,0,0,0,144.24,23.6,0,0,0,19.01,73.1
2019,12,4,3,30,0,0,0,130.4,23.2,0,0,0,19.01,73.1
2019,12,4,4,30,0,0,0,116.68,23.1,0,0,0,19.01,73.1
2019,12,4,5,30,0,0,0,103.16,22.9,0,0,0,19.01,73.1
2019,12,4,6,30,0,0,0,89.5,23.3,0,0,0,19.01,73.1
2019,12,4,7,30,25,25,0,77.17,24.6,269,92,152,19.01,73.1
2019,12,4,8,30,165,292,304,65.29,26.2,484,147,349,19.01,73.1
2019,12,4,9,30,259,409,260,54.72,27.9,616,173,529,19.01,73.1
2019,12,4,10,30,328,502,253,46.41,29,684,186,658,19.01,73.1
2019,12,4,11,30,196,723,707,41.74,29.5,707,196,723,19.01,73.1
2019,12,4,12,30,337,604,359,41.96,29.5,686,208,718,19.01,73.1
2019,12,4,13,30,327,404,113,46.98,29.5,635,209,642,19.01,73.1
2019,12,4,14,30,262,341,140,55.53,29.2,515,210,501,19.01,73.1
2019,12,4,15,30,130,130,0,66.24,28.6,351,177,319,19.01,73.1
2019,12,4,16,30,10,10,0,78.19,27.9,143,92,121,19.01,73.1
2019,12,4,17,30,0,0,0,91.02,27.4,0,0,0,19.01,73.1
2019,12,4,18,30,0,0,0,104.26,27.2,0,0,0,19.01,73.1
2019,12,4,19,30,0,0,0,117.79,27,0,0,0,19.01,73.1
2019,12,4,20,30,0,0,0,131.52,26.7,0,0,0,19.01,73.1
2019,12,4,21,30,0,0,0,145.37,26.3,0,0,0,19.01,73.1
2019,12,4,22,30,0,0,0,159.23,25.9,0,0,0,19.01,73.1
2019,12,4,23,30,0,0,0,172.73,25.5,0,0,0,19.01,73.1
2019,12,5,0,30,0,0,0,171.79,25.1,0,0,0,19.01,73.1
2019,12,5,1,30,0,0,0,158.21,24.6,0,0,0,19.01,73.1
2019,12,5,2,30,0,0,0,144.34,24.2,0,0,0,19.01,73.1
2019,12,5,3,30,0,0,0,130.51,23.9,0,0,0,19.01,73.1
2019,12,5,4,30,0,0,0,116.8,23.8,0,0,0,19.01,73.1
2019,12,5,5,30,0,0,0,103.28,23.4,0,0,0,19.01,73.1
2019,12,5,6,30,0,0,0,89.61,23.6,0,0,0,19.01,73.1
2019,12,5,7,30,20,20,0,77.32,24.2,179,96,136,19.01,73.1
2019,12,5,8,30,82,82,0,65.45,25.1,367,178,330,19.01,73.1
2019,12,5,9,30,177,178,3,54.89,26.2,485,224,503,19.01,73.1
2019,12,5,10,30,174,175,2,46.57,27.3,543,255,628,19.01,73.1
2019,12,5,11,30,148,148,0,41.89,28,500,307,680,19.01,73.1
2019,12,5,12,30,360,434,100,42.07,28.4,466,330,676,19.01,73.1
2019,12,5,13,30,211,216,8,47.05,28.5,404,326,602,19.01,73.1
2019,12,5,14,30,261,336,133,55.56,28.6,326,286,471,19.01,73.1
2019,12,5,15,30,138,138,2,66.23,28.1,220,208,297,19.01,73.1
2019,12,5,16,30,53,53,0,78.17,27.1,90,87,106,19.01,73.1
2019,12,5,17,30,0,0,0,90.98,26.1,0,0,0,19.01,73.1
2019,12,5,18,30,0,0,0,104.2,25.6,0,0,0,19.01,73.1
2019,12,5,19,30,0,0,0,117.73,25.3,0,0,0,19.01,73.1
2019,12,5,20,30,0,0,0,131.44,25,0,0,0,19.01,73.1
2019,12,5,21,30,0,0,0,145.28,24.6,0,0,0,19.01,73.1
2019,12,5,22,30,0,0,0,159.13,24.2,0,0,0,19.01,73.1
2019,12,5,23,30,0,0,0,172.59,23.8,0,0,0,19.01,73.1
2019,12,6,0,30,0,0,0,171.83,23.4,0,0,0,19.01,73.1
2019,12,6,1,30,0,0,0,158.29,22.9,0,0,0,19.01,73.1
2019,12,6,2,30,0,0,0,144.44,22.4,0,0,0,19.01,73.1
2019,12,6,3,30,0,0,0,130.62,21.9,0,0,0,19.01,73.1
2019,12,6,4,30,0,0,0,116.91,21.7,0,0,0,19.01,73.1
2019,12,6,5,30,0,0,0,103.41,21.2,0,0,0,19.01,73.1
2019,12,6,6,30,0,0,0,89.72,21.3,0,0,0,19.01,73.1
2019,12,6,7,30,81,89,37,77.46,22,133,98,127,19.01,73.1
2019,12,6,8,30,201,322,292,65.6,23.4,292,201,322,19.01,73.1
2019,12,6,9,30,266,365,174,55.04,25.1,412,260,496,19.01,73.1
2019,12,6,10,30,322,508,271,46.73,26.6,487,290,624,19.01,73.1
2019,12,6,11,30,324,685,486,42.03,27.7,486,324,685,19.01,73.1
2019,12,6,12,30,318,685,495,42.17,28.5,495,318,685,19.01,73.1
2019,12,6,13,30,294,617,476,47.11,28.9,476,294,617,19.01,73.1
2019,12,6,14,30,248,491,429,55.58,29,429,248,491,19.01,73.1
2019,12,6,15,30,184,319,334,66.22,28.7,334,184,319,19.01,73.1
2019,12,6,16,30,66,66,0,78.14,27.3,172,91,127,19.01,73.1
2019,12,6,17,30,0,0,0,90.93,25.9,0,0,0,19.01,73.1
2019,12,6,18,30,0,0,0,104.14,25,0,0,0,19.01,73.1
2019,12,6,19,30,0,0,0,117.65,24.3,0,0,0,19.01,73.1
2019,12,6,20,30,0,0,0,131.36,23.7,0,0,0,19.01,73.1
2019,12,6,21,30,0,0,0,145.18,23.2,0,0,0,19.01,73.1
2019,12,6,22,30,0,0,0,159.02,22.7,0,0,0,19.01,73.1
2019,12,6,23,30,0,0,0,172.45,22.3,0,0,0,19.01,73.1
2019,12,7,0,30,0,0,0,171.87,21.9,0,0,0,19.01,73.1
2019,12,7,1,30,0,0,0,158.38,21.5,0,0,0,19.01,73.1
2019,12,7,2,30,0,0,0,144.54,21.2,0,0,0,19.01,73.1
2019,12,7,3,30,0,0,0,130.73,20.9,0,0,0,19.01,73.1
2019,12,7,4,30,0,0,0,117.03,20.7,0,0,0,19.01,73.1
2019,12,7,5,30,0,0,0,103.53,20.2,0,0,0,19.01,73.1
2019,12,7,6,30,0,0,0,89.83,20.3,0,0,0,19.01,73.1
2019,12,7,7,30,92,139,222,77.6,21.4,222,92,139,19.01,73.1
2019,12,7,8,30,167,334,407,65.74,23.6,407,167,334,19.01,73.1
2019,12,7,9,30,212,509,521,55.19,26.1,521,212,509,19.01,73.1
2019,12,7,10,30,238,639,587,46.88,28.1,587,238,639,19.01,73.1
2019,12,7,11,30,255,704,606,42.16,29.5,606,255,704,19.01,73.1
2019,12,7,12,30,258,700,598,42.27,30.1,598,258,700,19.01,73.1
2019,12,7,13,30,250,629,558,47.16,30.3,558,250,629,19.01,73.1
2019,12,7,14,30,243,489,436,55.59,30.3,436,243,489,19.01,73.1
2019,12,7,15,30,188,312,307,66.21,29.9,307,188,312,19.01,73.1
2019,12,7,16,30,92,120,134,78.1,28.6,134,92,120,19.01,73.1
2019,12,7,17,30,0,0,0,90.88,27,0,0,0,19.01,73.1
2019,12,7,18,30,0,0,0,104.07,26,0,0,0,19.01,73.1
2019,12,7,19,30,0,0,0,117.58,25.2,0,0,0,19.01,73.1
2019,12,7,20,30,0,0,0,131.28,24.2,0,0,0,19.01,73.1
2019,12,7,21,30,0,0,0,145.09,23.3,0,0,0,19.01,73.1
2019,12,7,22,30,0,0,0,158.91,22.6,0,0,0,19.01,73.1
2019,12,7,23,30,0,0,0,172.31,21.9,0,0,0,19.01,73.1
2019,12,8,0,30,0,0,0,171.91,21.4,0,0,0,19.01,73.1
2019,12,8,1,30,0,0,0,158.47,20.9,0,0,0,19.01,73.1
2019,12,8,2,30,0,0,0,144.64,20.5,0,0,0,19.01,73.1
2019,12,8,3,30,0,0,0,130.84,20,0,0,0,19.01,73.1
2019,12,8,4,30,0,0,0,117.15,19.8,0,0,0,19.01,73.1
2019,12,8,5,30,0,0,0,103.66,19.3,0,0,0,19.01,73.1
2019,12,8,6,30,0,0,0,89.94,19.4,0,0,0,19.01,73.1
2019,12,8,7,30,92,130,178,77.73,20.6,178,92,130,19.01,73.1
2019,12,8,8,30,182,323,344,65.89,22.8,344,182,323,19.01,73.1
2019,12,8,9,30,234,443,367,55.34,25.5,452,239,497,19.01,73.1
2019,12,8,10,30,298,549,369,47.03,28.1,514,273,623,19.01,73.1
2019,12,8,11,30,328,674,467,42.29,29.8,467,328,674,19.01,73.1
2019,12,8,12,30,337,676,458,42.36,30.5,458,337,676,19.01,73.1
2019,12,8,13,30,320,606,422,47.21,30.7,422,320,606,19.01,73.1
2019,12,8,14,30,262,484,394,55.6,30.6,394,262,484,19.01,73.1
2019,12,8,15,30,196,310,282,66.19,30.1,282,196,310,19.01,73.1
2019,12,8,16,30,90,116,128,78.06,28.5,128,90,116,19.01,73.1
2019,12,8,17,30,0,0,0,90.24,26.5,0,0,0,19.01,73.1
2019,12,8,18,30,0,0,0,104.01,25.3,0,0,0,19.01,73.1
2019,12,8,19,30,0,0,0,117.5,24.6,0,0,0,19.01,73.1
2019,12,8,20,30,0,0,0,131.19,24,0,0,0,19.01,73.1
2019,12,8,21,30,0,0,0,144.99,23.4,0,0,0,19.01,73.1
2019,12,8,22,30,0,0,0,158.8,22.7,0,0,0,19.01,73.1
2019,12,8,23,30,0,0,0,172.18,22.2,0,0,0,19.01,73.1
2019,12,9,0,30,0,0,0,171.96,21.7,0,0,0,19.01,73.1
2019,12,9,1,30,0,0,0,158.56,21.3,0,0,0,19.01,73.1
2019,12,9,2,30,0,0,0,144.75,21.1,0,0,0,19.01,73.1
2019,12,9,3,30,0,0,0,130.95,20.9,0,0,0,19.01,73.1
2019,12,9,4,30,0,0,0,117.27,20.8,0,0,0,19.01,73.1
2019,12,9,5,30,0,0,0,103.78,20.5,0,0,0,19.01,73.1
2019,12,9,6,30,0,0,0,90.06,20.7,0,0,0,19.01,73.1
2019,12,9,7,30,88,136,227,77.87,21.9,227,88,136,19.01,73.1
2019,12,9,8,30,156,333,435,66.03,24,435,156,333,19.01,73.1
2019,12,9,9,30,191,511,565,55.49,26.6,565,191,511,19.01,73.1
2019,12,9,10,30,208,643,639,47.17,28.9,639,208,643,19.01,73.1
2019,12,9,11,30,223,710,660,42.41,30.4,660,223,710,19.01,73.1
2019,12,9,12,30,226,712,658,42.44,31.2,658,226,712,19.01,73.1
2019,12,9,13,30,330,438,160,47.25,31.4,621,219,640,19.01,73.1
2019,12,9,14,30,261,335,131,55.6,31.2,567,191,511,19.01,73.1
2019,12,9,15,30,154,332,442,66.16,30.7,442,154,332,19.01,73.1
2019,12,9,16,30,90,136,221,78.02,29,221,90,136,19.01,73.1
2019,12,9,17,30,0,0,0,90.19,27.1,0,0,0,19.01,73.1
2019,12,9,18,30,0,0,0,103.93,26.1,0,0,0,19.01,73.1
2019,12,9,19,30,0,0,0,117.42,25.5,0,0,0,19.01,73.1
2019,12,9,20,30,0,0,0,131.1,24.9,0,0,0,19.01,73.1
2019,12,9,21,30,0,0,0,144.89,24.4,0,0,0,19.01,73.1
2019,12,9,22,30,0,0,0,158.69,24.1,0,0,0,19.01,73.1
2019,12,9,23,30,0,0,0,172.04,23.6,0,0,0,19.01,73.1
2019,12,10,0,30,0,0,0,172,23.1,0,0,0,19.01,73.1
2019,12,10,1,30,0,0,0,158.65,22.6,0,0,0,19.01,73.1
2019,12,10,2,30,0,0,0,144.85,22.3,0,0,0,19.01,73.1
2019,12,10,3,30,0,0,0,131.06,22,0,0,0,19.01,73.1
2019,12,10,4,30,0,0,0,117.38,21.9,0,0,0,19.01,73.1
2019,12,10,5,30,0,0,0,103.91,21.7,0,0,0,19.01,73.1
2019,12,10,6,30,0,0,0,90.17,21.9,0,0,0,19.01,73.1
2019,12,10,7,30,90,133,208,78.01,22.8,208,90,133,19.01,73.1
2019,12,10,8,30,166,329,404,66.17,24.4,404,166,329,19.01,73.1
2019,12,10,9,30,211,507,525,55.63,26.6,525,211,507,19.01,73.1
2019,12,10,10,30,236,638,594,47.3,29,594,236,638,19.01,73.1
2019,12,10,11,30,231,713,653,42.52,30.5,653,231,713,19.01,73.1
2019,12,10,12,30,238,711,642,42.51,31.1,642,238,711,19.01,73.1
2019,12,10,13,30,232,640,600,47.28,31.3,600,232,640,19.01,73.1
2019,12,10,14,30,251,492,427,55.6,31,427,251,492,19.01,73.1
2019,12,10,15,30,191,318,314,66.13,30.4,314,191,318,19.01,73.1
2019,12,10,16,30,93,125,155,77.97,28.6,155,93,125,19.01,73.1
2019,12,10,17,30,0,0,0,90.14,26.5,0,0,0,19.01,73.1
2019,12,10,18,30,0,0,0,103.86,25.3,0,0,0,19.01,73.1
2019,12,10,19,30,0,0,0,117.33,24.6,0,0,0,19.01,73.1
2019,12,10,20,30,0,0,0,131,24,0,0,0,19.01,73.1
2019,12,10,21,30,0,0,0,144.79,23.5,0,0,0,19.01,73.1
2019,12,10,22,30,0,0,0,158.58,23,0,0,0,19.01,73.1
2019,12,10,23,30,0,0,0,171.9,22.5,0,0,0,19.01,73.1
2019,12,11,0,30,0,0,0,172.05,22,0,0,0,19.01,73.1
2019,12,11,1,30,0,0,0,158.74,21.6,0,0,0,19.01,73.1
2019,12,11,2,30,0,0,0,144.95,21.3,0,0,0,19.01,73.1
2019,12,11,3,30,0,0,0,131.17,21.1,0,0,0,19.01,73.1
2019,12,11,4,30,0,0,0,117.5,21.1,0,0,0,19.01,73.1
2019,12,11,5,30,0,0,0,104.03,20.8,0,0,0,19.01,73.1
2019,12,11,6,30,0,0,0,90.88,21.7,0,0,0,19.01,73.1
2019,12,11,7,30,89,125,177,78.14,23.7,177,89,125,19.01,73.1
2019,12,11,8,30,177,322,362,66.31,26,362,177,322,19.01,73.1
2019,12,11,9,30,227,500,485,55.77,28.3,485,227,500,19.01,73.1
2019,12,11,10,30,259,636,558,47.43,30,558,259,636,19.01,73.1
2019,12,11,11,30,269,707,595,42.63,30.7,595,269,707,19.01,73.1
2019,12,11,12,30,270,707,593,42.58,30.9,593,270,707,19.01,73.1
2019,12,11,13,30,322,491,249,47.3,30.7,557,260,638,19.01,73.1
2019,12,11,14,30,259,380,215,55.59,30.3,432,254,498,19.01,73.1
2019,12,11,15,30,193,322,317,66.1,29.4,317,193,322,19.01,73.1
2019,12,11,16,30,94,125,150,77.91,27.4,150,94,125,19.01,73.1
2019,12,11,17,30,0,0,0,90.08,25.2,0,0,0,19.01,73.1
2019,12,11,18,30,0,0,0,103.78,24.2,0,0,0,19.01,73.1
2019,12,11,19,30,0,0,0,117.24,23.6,0,0,0,19.01,73.1
2019,12,11,20,30,0,0,0,130.91,23.1,0,0,0,19.01,73.1
2019,12,11,21,30,0,0,0,144.68,22.6,0,0,0,19.01,73.1
2019,12,11,22,30,0,0,0,158.46,22.1,0,0,0,19.01,73.1
2019,12,11,23,30,0,0,0,171.77,21.6,0,0,0,19.01,73.1
2019,12,12,0,30,0,0,0,172.1,21.2,0,0,0,19.01,73.1
2019,12,12,1,30,0,0,0,158.84,20.9,0,0,0,19.01,73.1
2019,12,12,2,30,0,0,0,145.06,20.6,0,0,0,19.01,73.1
2019,12,12,3,30,0,0,0,131.29,20.4,0,0,0,19.01,73.1
2019,12,12,4,30,0,0,0,117.62,20.2,0,0,0,19.01,73.1
2019,12,12,5,30,0,0,0,104.16,20,0,0,0,19.01,73.1
2019,12,12,6,30,0,0,0,91,20.8,0,0,0,19.01,73.1
2019,12,12,7,30,90,121,155,78.27,22.7,155,90,121,19.01,73.1
2019,12,12,8,30,184,317,333,66.44,25,333,184,317,19.01,73.1
2019,12,12,9,30,239,494,455,55.9,27,455,239,494,19.01,73.1
2019,12,12,10,30,268,625,529,47.55,28.5,529,268,625,19.01,73.1
2019,12,12,11,30,280,696,567,42.73,29.4,567,280,696,19.01,73.1
2019,12,12,12,30,282,695,562,42.64,29.7,562,282,695,19.01,73.1
2019,12,12,13,30,271,627,526,47.32,29.5,526,271,627,19.01,73.1
2019,12,12,14,30,262,488,399,55.57,28.9,399,262,488,19.01,73.1
2019,12,12,15,30,196,315,294,66.06,27.8,294,196,315,19.01,73.1
2019,12,12,16,30,94,124,144,77.85,25.8,144,94,124,19.01,73.1
2019,12,12,17,30,0,0,0,90.02,24,0,0,0,19.01,73.1
2019,12,12,18,30,0,0,0,103.7,23.1,0,0,0,19.01,73.1
2019,12,12,19,30,0,0,0,117.15,22.6,0,0,0,19.01,73.1
2019,12,12,20,30,0,0,0,130.81,22.1,0,0,0,19.01,73.1
2019,12,12,21,30,0,0,0,144.58,21.7,0,0,0,19.01,73.1
2019,12,12,22,30,0,0,0,158.35,21.2,0,0,0,19.01,73.1
2019,12,12,23,30,0,0,0,171.64,20.8,0,0,0,19.01,73.1
2019,12,13,0,30,0,0,0,172.16,20.3,0,0,0,19.01,73.1
2019,12,13,1,30,0,0,0,158.93,19.9,0,0,0,19.01,73.1
2019,12,13,2,30,0,0,0,145.17,19.4,0,0,0,19.01,73.1
2019,12,13,3,30,0,0,0,131.4,19,0,0,0,19.01,73.1
2019,12,13,4,30,0,0,0,117.74,18.8,0,0,0,19.01,73.1
2019,12,13,5,30,0,0,0,104.28,18.3,0,0,0,19.01,73.1
2019,12,13,6,30,0,0,0,91.13,19.2,0,0,0,19.01,73.1
2019,12,13,7,30,77,140,314,78.4,21.4,314,77,140,19.01,73.1
2019,12,13,8,30,127,345,547,66.57,23.9,547,127,345,19.01,73.1
2019,12,13,9,30,152,531,678,56.02,25.8,678,152,531,19.01,73.1
2019,12,13,10,30,163,670,752,47.67,27,752,163,670,19.01,73.1
2019,12,13,11,30,184,738,755,42.82,27.9,755,184,738,19.01,73.1
2019,12,13,12,30,269,655,526,42.7,28.5,763,181,742,19.01,73.1
2019,12,13,13,30,279,574,435,47.33,28.7,745,171,676,19.01,73.1
2019,12,13,14,30,166,536,654,55.55,28.3,654,166,536,19.01,73.1
2019,12,13,15,30,135,354,539,66.01,27.4,539,135,354,19.01,73.1
2019,12,13,16,30,83,151,321,77.79,25.2,321,83,151,19.01,73.1
2019,12,13,17,30,0,0,0,89.95,23.1,0,0,0,19.01,73.1
2019,12,13,18,30,0,0,0,103.61,22.2,0,0,0,19.01,73.1
2019,12,13,19,30,0,0,0,117.06,21.7,0,0,0,19.01,73.1
2019,12,13,20,30,0,0,0,130.71,21.2,0,0,0,19.01,73.1
2019,12,13,21,30,0,0,0,144.47,20.6,0,0,0,19.01,73.1
2019,12,13,22,30,0,0,0,158.23,20.1,0,0,0,19.01,73.1
2019,12,13,23,30,0,0,0,171.52,19.7,0,0,0,19.01,73.1
2019,12,14,0,30,0,0,0,172.22,19.4,0,0,0,19.01,73.1
2019,12,14,1,30,0,0,0,159.03,19.1,0,0,0,19.01,73.1
2019,12,14,2,30,0,0,0,145.28,18.8,0,0,0,19.01,73.1
2019,12,14,3,30,0,0,0,131.51,18.5,0,0,0,19.01,73.1
2019,12,14,4,30,0,0,0,117.86,18.4,0,0,0,19.01,73.1
2019,12,14,5,30,0,0,0,104.4,18.1,0,0,0,19.01,73.1
2019,12,14,6,30,0,0,0,91.25,18.9,0,0,0,19.01,73.1
2019,12,14,7,30,64,151,439,78.52,20.9,439,64,151,19.01,73.1
2019,12,14,8,30,99,362,666,66.7,23.4,666,99,362,19.01,73.1
2019,12,14,9,30,118,552,778,56.15,26.1,778,118,552,19.01,73.1
2019,12,14,10,30,130,691,835,47.78,28,835,130,691,19.01,73.1
2019,12,14,11,30,144,761,843,42.9,29.2,843,144,761,19.01,73.1
2019,12,14,12,30,145,763,841,42.74,29.8,841,145,763,19.01,73.1
2019,12,14,13,30,140,691,814,47.34,29.7,814,140,691,19.01,73.1
2019,12,14,14,30,141,550,723,55.52,29.3,723,141,550,19.01,73.1
2019,12,14,15,30,173,250,188,65.96,28.3,613,117,367,19.01,73.1
2019,12,14,16,30,74,159,399,77.72,26,399,74,159,19.01,73.1
2019,12,14,17,30,0,0,0,89.88,23.5,0,0,0,19.01,73.1
2019,12,14,18,30,0,0,0,103.52,22.2,0,0,0,19.01,73.1
2019,12,14,19,30,0,0,0,116.96,21.4,0,0,0,19.01,73.1
2019,12,14,20,30,0,0,0,130.61,20.7,0,0,0,19.01,73.1
2019,12,14,21,30,0,0,0,144.36,20,0,0,0,19.01,73.1
2019,12,14,22,30,0,0,0,158.12,19.3,0,0,0,19.01,73.1
2019,12,14,23,30,0,0,0,171.39,18.6,0,0,0,19.01,73.1
2019,12,15,0,30,0,0,0,172.28,18.1,0,0,0,19.01,73.1
2019,12,15,1,30,0,0,0,159.13,17.6,0,0,0,19.01,73.1
2019,12,15,2,30,0,0,0,145.38,17.3,0,0,0,19.01,73.1
2019,12,15,3,30,0,0,0,131.63,17.1,0,0,0,19.01,73.1
2019,12,15,4,30,0,0,0,117.98,17,0,0,0,19.01,73.1
2019,12,15,5,30,0,0,0,104.52,16.9,0,0,0,19.01,73.1
2019,12,15,6,30,0,0,0,91.38,18.1,0,0,0,19.01,73.1
2019,12,15,7,30,74,138,326,78.65,20.6,326,74,138,19.01,73.1
2019,12,15,8,30,124,342,552,66.82,23.2,552,124,342,19.01,73.1
2019,12,15,9,30,155,528,670,56.27,25.5,670,155,528,19.01,73.1
2019,12,15,10,30,173,663,729,47.88,27.2,729,173,663,19.01,73.1
2019,12,15,11,30,212,722,696,42.98,28.4,696,212,722,19.01,73.1
2019,12,15,12,30,216,723,691,42.78,29,691,216,723,19.01,73.1
2019,12,15,13,30,212,656,655,47.34,29,655,212,656,19.01,73.1
2019,12,15,14,30,218,515,524,55.49,28.5,524,218,515,19.01,73.1
2019,12,15,15,30,171,339,410,65.9,27.6,410,171,339,19.01,73.1
2019,12,15,16,30,94,142,222,77.65,25.6,222,94,142,19.01,73.1
2019,12,15,17,30,0,0,0,89.81,23.5,0,0,0,19.01,73.1
2019,12,15,18,30,0,0,0,103.43,22.5,0,0,0,19.01,73.1
2019,12,15,19,30,0,0,0,116.87,21.7,0,0,0,19.01,73.1
2019,12,15,20,30,0,0,0,130.5,20.9,0,0,0,19.01,73.1
2019,12,15,21,30,0,0,0,144.25,20.2,0,0,0,19.01,73.1
2019,12,15,22,30,0,0,0,158,19.7,0,0,0,19.01,73.1
2019,12,15,23,30,0,0,0,171.27,19.3,0,0,0,19.01,73.1
2019,12,16,0,30,0,0,0,172.34,19.3,0,0,0,19.01,73.1
2019,12,16,1,30,0,0,0,159.23,19.2,0,0,0,19.01,73.1
2019,12,16,2,30,0,0,0,145.49,19.2,0,0,0,19.01,73.1
2019,12,16,3,30,0,0,0,131.74,19.1,0,0,0,19.01,73.1
2019,12,16,4,30,0,0,0,118.09,19.1,0,0,0,19.01,73.1
2019,12,16,5,30,0,0,0,104.64,19.3,0,0,0,19.01,73.1
2019,12,16,6,30,0,0,0,91.5,20.2,0,0,0,19.01,73.1
2019,12,16,7,30,86,119,169,78.77,22.3,169,86,119,19.01,73.1
2019,12,16,8,30,171,315,367,66.94,24.7,367,171,315,19.01,73.1
2019,12,16,9,30,217,495,502,56.38,27,502,217,495,19.01,73.1
2019,12,16,10,30,238,631,587,47.98,28.6,587,238,631,19.01,73.1
2019,12,16,11,30,269,697,586,43.05,29.6,586,269,697,19.01,73.1
2019,12,16,12,30,233,709,650,42.81,30.2,650,233,709,19.01,73.1
2019,12,16,13,30,319,502,271,47.33,30.5,687,192,657,19.01,73.1
2019,12,16,14,30,190,520,583,55.45,30.2,583,190,520,19.01,73.1
2019,12,16,15,30,149,345,481,65.84,29.4,481,149,345,19.01,73.1
2019,12,16,16,30,88,147,274,77.58,27.5,274,88,147,19.01,73.1
2019,12,16,17,30,0,0,0,89.74,25.3,0,0,0,19.01,73.1
2019,12,16,18,30,0,0,0,103.34,24.1,0,0,0,19.01,73.1
2019,12,16,19,30,0,0,0,116.77,23.3,0,0,0,19.01,73.1
2019,12,16,20,30,0,0,0,130.4,22.5,0,0,0,19.01,73.1
2019,12,16,21,30,0,0,0,144.14,21.9,0,0,0,19.01,73.1
2019,12,16,22,30,0,0,0,157.89,21.4,0,0,0,19.01,73.1
2019,12,16,23,30,0,0,0,171.15,21,0,0,0,19.01,73.1
2019,12,17,0,30,0,0,0,172.41,20.6,0,0,0,19.01,73.1
2019,12,17,1,30,0,0,0,159.34,20.3,0,0,0,19.01,73.1
2019,12,17,2,30,0,0,0,145.61,20,0,0,0,19.01,73.1
2019,12,17,3,30,0,0,0,131.86,19.8,0,0,0,19.01,73.1
2019,12,17,4,30,0,0,0,118.21,19.7,0,0,0,19.01,73.1
2019,12,17,5,30,0,0,0,104.76,19.5,0,0,0,19.01,73.1
2019,12,17,6,30,0,0,0,91.62,19.9,0,0,0,19.01,73.1
2019,12,17,7,30,81,129,246,78.88,21.6,246,81,129,19.01,73.1
2019,12,17,8,30,143,330,479,67.05,24.1,479,143,330,19.01,73.1
2019,12,17,9,30,170,514,622,56.49,26.7,622,170,514,19.01,73.1
2019,12,17,10,30,184,654,703,48.08,28.7,703,184,654,19.01,73.1
2019,12,17,11,30,219,718,683,43.12,30,683,219,718,19.01,73.1
2019,12,17,12,30,208,723,703,42.83,30.6,703,208,723,19.01,73.1
2019,12,17,13,30,190,662,696,47.31,30.8,696,190,662,19.01,73.1
2019,12,17,14,30,180,529,615,55.4,30.6,615,180,529,19.01,73.1
2019,12,17,15,30,143,352,509,65.78,30.1,509,143,352,19.01,73.1
2019,12,17,16,30,85,152,310,77.5,28.5,310,85,152,19.01,73.1
2019,12,17,17,30,0,0,0,89.67,26.6,0,0,0,19.01,73.1
2019,12,17,18,30,0,0,0,103.24,25.2,0,0,0,19.01,73.1
2019,12,17,19,30,0,0,0,116.66,24.1,0,0,0,19.01,73.1
2019,12,17,20,30,0,0,0,130.29,23.1,0,0,0,19.01,73.1
2019,12,17,21,30,0,0,0,144.03,22.3,0,0,0,19.01,73.1
2019,12,17,22,30,0,0,0,157.77,21.7,0,0,0,19.01,73.1
2019,12,17,23,30,0,0,0,171.03,21.2,0,0,0,19.01,73.1
2019,12,18,0,30,0,0,0,172.48,20.9,0,0,0,19.01,73.1
2019,12,18,1,30,0,0,0,159.44,20.5,0,0,0,19.01,73.1
2019,12,18,2,30,0,0,0,145.72,20,0,0,0,19.01,73.1
2019,12,18,3,30,0,0,0,131.97,19.8,0,0,0,19.01,73.1
2019,12,18,4,30,0,0,0,118.33,19.6,0,0,0,19.01,73.1
2019,12,18,5,30,0,0,0,104.88,19.4,0,0,0,19.01,73.1
2019,12,18,6,30,0,0,0,91.73,19.8,0,0,0,19.01,73.1
2019,12,18,7,30,79,128,258,79,21.4,258,79,128,19.01,73.1
2019,12,18,8,30,139,330,493,67.17,24,493,139,330,19.01,73.1
2019,12,18,9,30,168,516,631,56.59,26.6,631,168,516,19.01,73.1
2019,12,18,10,30,182,655,709,48.16,28.6,709,182,655,19.01,73.1
2019,12,18,11,30,211,724,703,43.17,29.8,703,211,724,19.01,73.1
2019,12,18,12,30,211,728,705,42.85,30.4,705,211,728,19.01,73.1
2019,12,18,13,30,203,662,677,47.29,30.5,677,203,662,19.01,73.1
2019,12,18,14,30,193,529,590,55.35,30.3,590,193,529,19.01,73.1
2019,12,18,15,30,156,352,475,65.7,29.8,475,156,352,19.01,73.1
2019,12,18,16,30,92,152,275,77.41,28.2,275,92,152,19.01,73.1
2019,12,18,17,30,0,0,0,89.59,26.2,0,0,0,19.01,73.1
2019,12,18,18,30,0,0,0,103.14,24.9,0,0,0,19.01,73.1
2019,12,18,19,30,0,0,0,116.56,24,0,0,0,19.01,73.1
2019,12,18,20,30,0,0,0,130.18,23.2,0,0,0,19.01,73.1
2019,12,18,21,30,0,0,0,143.92,22.5,0,0,0,19.01,73.1
2019,12,18,22,30,0,0,0,157.65,21.8,0,0,0,19.01,73.1
2019,12,18,23,30,0,0,0,170.92,21.2,0,0,0,19.01,73.1
2019,12,19,0,30,0,0,0,172.56,20.7,0,0,0,19.01,73.1
2019,12,19,1,30,0,0,0,159.55,20.2,0,0,0,19.01,73.1
2019,12,19,2,30,0,0,0,145.83,19.8,0,0,0,19.01,73.1
2019,12,19,3,30,0,0,0,132.09,19.5,0,0,0,19.01,73.1
2019,12,19,4,30,0,0,0,118.44,19.4,0,0,0,19.01,73.1
2019,12,19,5,30,0,0,0,104.99,19.1,0,0,0,19.01,73.1
2019,12,19,6,30,0,0,0,91.85,19.6,0,0,0,19.01,73.1
2019,12,19,7,30,78,129,271,79.11,21.2,271,78,129,19.01,73.1
2019,12,19,8,30,139,331,497,67.27,23.7,497,139,331,19.01,73.1
2019,12,19,9,30,172,517,628,56.69,26.5,628,172,517,19.01,73.1
2019,12,19,10,30,190,656,701,48.24,28.8,701,190,656,19.01,73.1
2019,12,19,11,30,208,727,711,43.22,30.1,711,208,727,19.01,73.1
2019,12,19,12,30,213,733,710,42.86,30.6,710,213,733,19.01,73.1
2019,12,19,13,30,206,667,680,47.26,30.7,680,206,667,19.01,73.1
2019,12,19,14,30,191,534,602,55.29,30.5,602,191,534,19.01,73.1
2019,12,19,15,30,156,355,482,65.63,30.2,482,156,355,19.01,73.1
2019,12,19,16,30,93,153,275,77.32,28.6,275,93,153,19.01,73.1
2019,12,19,17,30,0,0,0,89.51,26.3,0,0,0,19.01,73.1
2019,12,19,18,30,0,0,0,103.04,24.6,0,0,0,19.01,73.1
2019,12,19,19,30,0,0,0,116.45,23.6,0,0,0,19.01,73.1
2019,12,19,20,30,0,0,0,130.07,22.8,0,0,0,19.01,73.1
2019,12,19,21,30,0,0,0,143.81,22.2,0,0,0,19.01,73.1
2019,12,19,22,30,0,0,0,157.54,21.6,0,0,0,19.01,73.1
2019,12,19,23,30,0,0,0,170.81,21.1,0,0,0,19.01,73.1
2019,12,20,0,30,0,0,0,172.64,20.5,0,0,0,19.01,73.1
2019,12,20,1,30,0,0,0,159.66,20,0,0,0,19.01,73.1
2019,12,20,2,30,0,0,0,145.94,19.7,0,0,0,19.01,73.1
2019,12,20,3,30,0,0,0,132.2,19.5,0,0,0,19.01,73.1
2019,12,20,4,30,0,0,0,118.56,19.4,0,0,0,19.01,73.1
2019,12,20,5,30,0,0,0,105.11,19.3,0,0,0,19.01,73.1
2019,12,20,6,30,0,0,0,91.96,20,0,0,0,19.01,73.1
2019,12,20,7,30,68,105,201,79.22,21.7,252,77,124,19.01,73.1
2019,12,20,8,30,146,272,329,67.38,23.8,467,145,324,19.01,73.1
2019,12,20,9,30,184,507,590,56.78,26.7,590,184,507,19.01,73.1
2019,12,20,10,30,274,556,424,48.32,29.3,659,206,645,19.01,73.1
2019,12,20,11,30,218,722,691,43.26,30.5,691,218,722,19.01,73.1
2019,12,20,12,30,291,636,470,42.86,30.9,688,222,726,19.01,73.1
2019,12,20,13,30,215,661,656,47.22,30.9,656,215,661,19.01,73.1
2019,12,20,14,30,248,426,312,55.23,30.6,491,236,515,19.01,73.1
2019,12,20,15,30,173,269,230,65.55,30.1,366,190,342,19.01,73.1
2019,12,20,16,30,103,144,187,77.23,28.3,187,103,144,19.01,73.1
2019,12,20,17,30,0,0,0,89.42,25.9,0,0,0,19.01,73.1
2019,12,20,18,30,0,0,0,102.93,24.5,0,0,0,19.01,73.1
2019,12,20,19,30,0,0,0,116.34,23.8,0,0,0,19.01,73.1
2019,12,20,20,30,0,0,0,129.96,23.4,0,0,0,19.01,73.1
2019,12,20,21,30,0,0,0,143.69,22.9,0,0,0,19.01,73.1
2019,12,20,22,30,0,0,0,157.42,22.3,0,0,0,19.01,73.1
2019,12,20,23,30,0,0,0,170.7,21.7,0,0,0,19.01,73.1
2019,12,21,0,30,0,0,0,172.72,21.3,0,0,0,19.01,73.1
2019,12,21,1,30,0,0,0,159.77,21,0,0,0,19.01,73.1
2019,12,21,2,30,0,0,0,146.06,20.9,0,0,0,19.01,73.1
2019,12,21,3,30,0,0,0,132.32,20.7,0,0,0,19.01,73.1
2019,12,21,4,30,0,0,0,118.67,20.5,0,0,0,19.01,73.1
2019,12,21,5,30,0,0,0,105.22,20.3,0,0,0,19.01,73.1
2019,12,21,6,30,0,0,0,92.08,20.7,0,0,0,19.01,73.1
2019,12,21,7,30,65,65,1,79.33,22,200,78,115,19.01,73.1
2019,12,21,8,30,43,43,0,67.48,23.6,400,159,312,19.01,73.1
2019,12,21,9,30,208,491,519,56.87,25.7,519,208,491,19.01,73.1
2019,12,21,10,30,187,190,4,48.38,28.3,585,240,629,19.01,73.1
2019,12,21,11,30,284,634,481,43.3,30,543,293,689,19.01,73.1
2019,12,21,12,30,227,235,10,42.85,30.7,543,296,693,19.01,73.1
2019,12,21,13,30,216,222,9,47.18,30.8,511,283,630,19.01,73.1
2019,12,21,14,30,214,224,19,55.16,30.7,450,249,506,19.01,73.1
2019,12,21,15,30,175,266,219,65.46,30.2,338,193,333,19.01,73.1
2019,12,21,16,30,79,80,4,77.14,29,174,100,139,19.01,73.1
2019,12,21,17,30,0,0,0,89.33,27.6,0,0,0,19.01,73.1
2019,12,21,18,30,0,0,0,102.83,26.2,0,0,0,19.01,73.1
2019,12,21,19,30,0,0,0,116.23,24.9,0,0,0,19.01,73.1
2019,12,21,20,30,0,0,0,129.85,23.8,0,0,0,19.01,73.1
2019,12,21,21,30,0,0,0,143.58,22.9,0,0,0,19.01,73.1
2019,12,21,22,30,0,0,0,157.31,22.1,0,0,0,19.01,73.1
2019,12,21,23,30,0,0,0,170.59,21.4,0,0,0,19.01,73.1
2019,12,22,0,30,0,0,0,172.81,20.8,0,0,0,19.01,73.1
2019,12,22,1,30,0,0,0,159.88,20.4,0,0,0,19.01,73.1
2019,12,22,2,30,0,0,0,146.17,20.1,0,0,0,19.01,73.1
2019,12,22,3,30,0,0,0,132.43,19.8,0,0,0,19.01,73.1
2019,12,22,4,30,0,0,0,118.79,19.7,0,0,0,19.01,73.1
2019,12,22,5,30,0,0,0,105.33,19.5,0,0,0,19.01,73.1
2019,12,22,6,30,0,0,0,92.18,20.1,0,0,0,19.01,73.1
2019,12,22,7,30,9,9,0,79.43,21.7,157,79,107,19.01,73.1
2019,12,22,8,30,25,25,0,67.58,23.9,346,168,300,19.01,73.1
2019,12,22,9,30,172,173,2,56.96,26.3,464,223,477,19.01,73.1
2019,12,22,10,30,320,446,190,48.45,28.3,527,259,608,19.01,73.1
2019,12,22,11,30,352,542,261,43.33,29.5,405,364,659,19.01,73.1
2019,12,22,12,30,364,509,198,42.84,30.2,404,368,664,19.01,73.1
2019,12,22,13,30,317,516,293,47.13,30.5,377,346,603,19.01,73.1
2019,12,22,14,30,264,326,108,55.08,30.5,353,286,488,19.01,73.1
2019,12,22,15,30,118,118,0,65.37,30.3,254,213,319,19.01,73.1
2019,12,22,16,30,62,62,0,77.04,29.6,118,101,127,19.01,73.1
2019,12,22,17,30,0,0,0,89.24,28.5,0,0,0,19.01,73.1
2019,12,22,18,30,0,0,0,102.72,27.3,0,0,0,19.01,73.1
2019,12,22,19,30,0,0,0,116.12,26.4,0,0,0,19.01,73.1
2019,12,22,20,30,0,0,0,129.73,25.7,0,0,0,19.01,73.1
2019,12,22,21,30,0,0,0,143.46,24.9,0,0,0,19.01,73.1
2019,12,22,22,30,0,0,0,157.2,24.1,0,0,0,19.01,73.1
2019,12,22,23,30,0,0,0,170.49,23.4,0,0,0,19.01,73.1
2019,12,23,0,30,0,0,0,172.9,22.9,0,0,0,19.01,73.1
2019,12,23,1,30,0,0,0,159.99,22.5,0,0,0,19.01,73.1
2019,12,23,2,30,0,0,0,146.29,22.2,0,0,0,19.01,73.1
2019,12,23,3,30,0,0,0,132.54,21.9,0,0,0,19.01,73.1
2019,12,23,4,30,0,0,0,118.9,21.8,0,0,0,19.01,73.1
2019,12,23,5,30,0,0,0,105.44,21.4,0,0,0,19.01,73.1
2019,12,23,6,30,0,0,0,92.29,21.7,0,0,0,19.01,73.1
2019,12,23,7,30,77,105,151,79.53,22.9,151,77,105,19.01,73.1
2019,12,23,8,30,163,298,356,67.67,25.1,356,163,298,19.01,73.1
2019,12,23,9,30,207,479,499,57.03,27.8,499,207,479,19.01,73.1
2019,12,23,10,30,229,615,584,48.5,29.8,584,229,615,19.01,73.1
2019,12,23,11,30,297,672,516,43.35,30.8,516,297,672,19.01,73.1
2019,12,23,12,30,326,607,382,42.82,31.1,520,298,679,19.01,73.1
2019,12,23,13,30,325,493,246,47.07,31.1,490,288,622,19.01,73.1
2019,12,23,14,30,267,367,175,55,30.6,343,290,487,19.01,73.1
2019,12,23,15,30,180,257,185,65.27,29.7,233,219,316,19.01,73.1
2019,12,23,16,30,100,123,101,76.93,28,101,100,123,19.01,73.1
2019,12,23,17,30,0,0,0,89.14,26.2,0,0,0,19.01,73.1
2019,12,23,18,30,0,0,0,102.6,25.4,0,0,0,19.01,73.1
2019,12,23,19,30,0,0,0,116.01,25.1,0,0,0,19.01,73.1
2019,12,23,20,30,0,0,0,129.62,24.9,0,0,0,19.01,73.1
2019,12,23,21,30,0,0,0,143.35,24.6,0,0,0,19.01,73.1
2019,12,23,22,30,0,0,0,157.08,24.3,0,0,0,19.01,73.1
2019,12,23,23,30,0,0,0,170.39,23.9,0,0,0,19.01,73.1
2019,12,24,0,30,0,0,0,173,23.4,0,0,0,19.01,73.1
2019,12,24,1,30,0,0,0,160.11,23,0,0,0,19.01,73.1
2019,12,24,2,30,0,0,0,146.4,22.7,0,0,0,19.01,73.1
2019,12,24,3,30,0,0,0,132.66,22.5,0,0,0,19.01,73.1
2019,12,24,4,30,0,0,0,119.01,22.4,0,0,0,19.01,73.1
2019,12,24,5,30,0,0,0,105.55,22,0,0,0,19.01,73.1
2019,12,24,6,30,0,0,0,92.4,22.6,0,0,0,19.01,73.1
2019,12,24,7,30,74,89,87,79.63,24,87,74,89,19.01,73.1
2019,12,24,8,30,193,282,236,67.76,25.9,236,193,282,19.01,73.1
2019,12,24,9,30,267,460,356,57.11,28.2,356,267,460,19.01,73.1
2019,12,24,10,30,305,596,440,48.55,29.6,440,305,596,19.01,73.1
2019,12,24,11,30,338,667,452,43.36,30.3,452,338,667,19.01,73.1
2019,12,24,12,30,332,677,469,42.79,30.6,469,332,677,19.01,73.1
2019,12,24,13,30,311,618,450,47,30.5,450,311,618,19.01,73.1
2019,12,24,14,30,268,350,143,54.91,30,374,280,495,19.01,73.1
2019,12,24,15,30,211,327,274,65.17,29,274,211,327,19.01,73.1
2019,12,24,16,30,105,134,129,76.82,27.2,129,105,134,19.01,73.1
2019,12,24,17,30,0,0,0,89.04,25.5,0,0,0,19.01,73.1
2019,12,24,18,30,0,0,0,102.49,24.8,0,0,0,19.01,73.1
2019,12,24,19,30,0,0,0,115.89,24.4,0,0,0,19.01,73.1
2019,12,24,20,30,0,0,0,129.5,24.2,0,0,0,19.01,73.1
2019,12,24,21,30,0,0,0,143.23,24,0,0,0,19.01,73.1
2019,12,24,22,30,0,0,0,156.97,23.8,0,0,0,19.01,73.1
2019,12,24,23,30,0,0,0,170.29,23.6,0,0,0,19.01,73.1
2019,12,25,0,30,0,0,0,173.1,23.5,0,0,0,19.01,73.1
2019,12,25,1,30,0,0,0,160.22,23.3,0,0,0,19.01,73.1
2019,12,25,2,30,0,0,0,146.51,23.1,0,0,0,19.01,73.1
2019,12,25,3,30,0,0,0,132.77,23,0,0,0,19.01,73.1
2019,12,25,4,30,0,0,0,119.12,22.9,0,0,0,19.01,73.1
2019,12,25,5,30,0,0,0,105.66,22.7,0,0,0,19.01,73.1
2019,12,25,6,30,0,0,0,92.5,23.1,0,0,0,19.01,73.1
2019,12,25,7,30,72,87,84,79.73,23.8,84,72,87,19.01,73.1
2019,12,25,8,30,191,276,226,67.84,25,226,191,276,19.01,73.1
2019,12,25,9,30,249,344,176,57.18,26.4,334,269,450,19.01,73.1
2019,12,25,10,30,271,294,34,48.59,27.4,406,314,583,19.01,73.1
2019,12,25,11,30,249,259,14,43.37,28.1,429,342,654,19.01,73.1
2019,12,25,12,30,315,344,40,42.75,28.5,449,336,665,19.01,73.1
2019,12,25,13,30,213,218,8,46.93,28.7,443,308,610,19.01,73.1
2019,12,25,14,30,79,79,0,54.82,28.5,449,243,502,19.01,73.1
2019,12,25,15,30,49,49,0,65.07,28,359,186,337,19.01,73.1
2019,12,25,16,30,12,12,0,76.71,26.8,200,103,149,19.01,73.1
2019,12,25,17,30,1,1,0,88.94,25.5,7,4,4,19.01,73.1
2019,12,25,18,30,0,0,0,102.37,24.9,0,0,0,19.01,73.1
2019,12,25,19,30,0,0,0,115.77,24.4,0,0,0,19.01,73.1
2019,12,25,20,30,0,0,0,129.39,23.9,0,0,0,19.01,73.1
2019,12,25,21,30,0,0,0,143.12,23.4,0,0,0,19.01,73.1
2019,12,25,22,30,0,0,0,156.86,22.9,0,0,0,19.01,73.1
2019,12,25,23,30,0,0,0,170.2,22.5,0,0,0,19.01,73.1
2019,12,26,0,30,0,0,0,173.2,22.2,0,0,0,19.01,73.1
2019,12,26,1,30,0,0,0,160.34,22,0,0,0,19.01,73.1
2019,12,26,2,30,0,0,0,146.63,21.9,0,0,0,19.01,73.1
2019,12,26,3,30,0,0,0,132.88,21.8,0,0,0,19.01,73.1
2019,12,26,4,30,0,0,0,119.23,21.8,0,0,0,19.01,73.1
2019,12,26,5,30,0,0,0,105.76,21.8,0,0,0,19.01,73.1
2019,12,26,6,30,0,0,0,92.6,22.2,0,0,0,19.01,73.1
2019,12,26,7,30,72,108,206,79.82,23.3,206,72,108,19.01,73.1
2019,12,26,8,30,159,199,107,67.92,24.6,423,141,300,19.01,73.1
2019,12,26,9,30,249,336,162,57.24,26.1,552,181,479,19.01,73.1
2019,12,26,10,30,204,616,624,48.63,27.3,624,204,616,19.01,73.1
2019,12,26,11,30,354,532,244,43.36,28.2,647,223,694,19.01,73.1
2019,12,26,12,30,219,706,663,42.71,29,663,219,706,19.01,73.1
2019,12,26,13,30,203,648,651,46.85,29.5,651,203,648,19.01,73.1
2019,12,26,14,30,167,534,635,54.72,29.5,635,167,534,19.01,73.1
2019,12,26,15,30,137,363,533,64.96,28.8,533,137,363,19.01,73.1
2019,12,26,16,30,88,166,338,76.6,27,338,88,166,19.01,73.1
2019,12,26,17,30,7,8,21,88.83,24.9,21,7,8,19.01,73.1
2019,12,26,18,30,0,0,0,102.26,23.5,0,0,0,19.01,73.1
2019,12,26,19,30,0,0,0,115.66,22.5,0,0,0,19.01,73.1
2019,12,26,20,30,0,0,0,129.27,21.4,0,0,0,19.01,73.1
2019,12,26,21,30,0,0,0,143.01,20.4,0,0,0,19.01,73.1
2019,12,26,22,30,0,0,0,156.75,19.5,0,0,0,19.01,73.1
2019,12,26,23,30,0,0,0,170.11,18.9,0,0,0,19.01,73.1
2019,12,27,0,30,0,0,0,173.31,18.5,0,0,0,19.01,73.1
2019,12,27,1,30,0,0,0,160.46,18.2,0,0,0,19.01,73.1
2019,12,27,2,30,0,0,0,146.74,18,0,0,0,19.01,73.1
2019,12,27,3,30,0,0,0,132.99,17.8,0,0,0,19.01,73.1
2019,12,27,4,30,0,0,0,119.33,17.7,0,0,0,19.01,73.1
2019,12,27,5,30,0,0,0,105.86,17.6,0,0,0,19.01,73.1
2019,12,27,6,30,0,0,0,92.69,18.5,0,0,0,19.01,73.1
2019,12,27,7,30,61,129,386,79.9,20.6,386,61,129,19.01,73.1
2019,12,27,8,30,106,339,623,68,23.4,623,106,339,19.01,73.1
2019,12,27,9,30,135,528,726,57.29,26.2,726,135,528,19.01,73.1
2019,12,27,10,30,303,502,302,48.66,28.3,780,154,669,19.01,73.1
2019,12,27,11,30,173,741,782,43.35,29.6,782,173,741,19.01,73.1
2019,12,27,12,30,338,591,344,42.66,30.3,788,171,751,19.01,73.1
2019,12,27,13,30,284,578,428,46.77,30.4,761,165,686,19.01,73.1
2019,12,27,14,30,263,410,253,54.62,30.1,680,162,555,19.01,73.1
2019,12,27,15,30,136,377,566,64.84,29.4,566,136,377,19.01,73.1
2019,12,27,16,30,89,173,361,76.48,27.5,361,89,173,19.01,73.1
2019,12,27,17,30,8,9,28,88.72,25.1,28,8,9,19.01,73.1
2019,12,27,18,30,0,0,0,102.14,23.7,0,0,0,19.01,73.1
2019,12,27,19,30,0,0,0,115.54,23,0,0,0,19.01,73.1
2019,12,27,20,30,0,0,0,129.15,22.5,0,0,0,19.01,73.1
2019,12,27,21,30,0,0,0,142.89,22,0,0,0,19.01,73.1
2019,12,27,22,30,0,0,0,156.64,21.3,0,0,0,19.01,73.1
2019,12,27,23,30,0,0,0,170.02,20.7,0,0,0,19.01,73.1
2019,12,28,0,30,0,0,0,173.42,19.9,0,0,0,19.01,73.1
2019,12,28,1,30,0,0,0,160.58,19.2,0,0,0,19.01,73.1
2019,12,28,2,30,0,0,0,146.86,18.6,0,0,0,19.01,73.1
2019,12,28,3,30,0,0,0,133.1,17.9,0,0,0,19.01,73.1
2019,12,28,4,30,0,0,0,119.44,17.7,0,0,0,19.01,73.1
2019,12,28,5,30,0,0,0,105.96,17.2,0,0,0,19.01,73.1
2019,12,28,6,30,0,0,0,92.78,17.5,0,0,0,19.01,73.1
2019,12,28,7,30,71,114,246,79.98,19.1,246,71,114,19.01,73.1
2019,12,28,8,30,138,315,474,68.07,22,474,138,315,19.01,73.1
2019,12,28,9,30,179,499,593,57.35,25,593,179,499,19.01,73.1
2019,12,28,10,30,207,637,652,48.68,27.4,652,207,637,19.01,73.1
2019,12,28,11,30,228,712,666,43.34,29.2,666,228,712,19.01,73.1
2019,12,28,12,30,358,549,259,42.6,30.1,653,238,718,19.01,73.1
2019,12,28,13,30,236,659,616,46.68,30.5,616,236,659,19.01,73.1
2019,12,28,14,30,269,392,211,54.51,30.4,497,238,526,19.01,73.1
2019,12,28,15,30,184,224,94,64.73,29.9,392,188,355,19.01,73.1
2019,12,28,16,30,108,160,221,76.36,28.7,221,108,160,19.01,73.1
2019,12,28,17,30,6,6,11,88.61,27.2,11,6,6,19.01,73.1
2019,12,28,18,30,0,0,0,102.01,25.6,0,0,0,19.01,73.1
2019,12,28,19,30,0,0,0,115.42,24.3,0,0,0,19.01,73.1
2019,12,28,20,30,0,0,0,129.04,23.3,0,0,0,19.01,73.1
2019,12,28,21,30,0,0,0,142.78,22.5,0,0,0,19.01,73.1
2019,12,28,22,30,0,0,0,156.53,21.7,0,0,0,19.01,73.1
2019,12,28,23,30,0,0,0,169.94,21,0,0,0,19.01,73.1
2019,12,29,0,30,0,0,0,173.54,20.4,0,0,0,19.01,73.1
2019,12,29,1,30,0,0,0,160.7,19.8,0,0,0,19.01,73.1
2019,12,29,2,30,0,0,0,146.97,19.4,0,0,0,19.01,73.1
2019,12,29,3,30,0,0,0,133.21,19.1,0,0,0,19.01,73.1
2019,12,29,4,30,0,0,0,119.54,19,0,0,0,19.01,73.1
2019,12,29,5,30,0,0,0,106.06,18.6,0,0,0,19.01,73.1
2019,12,29,6,30,0,0,0,92.87,18.9,0,0,0,19.01,73.1
2019,12,29,7,30,75,93,108,80.06,20.3,108,75,93,19.01,73.1
2019,12,29,8,30,185,289,277,68.13,22.6,277,185,289,19.01,73.1
2019,12,29,9,30,252,470,404,57.39,25.4,404,252,470,19.01,73.1
2019,12,29,10,30,311,374,96,48.7,27.7,481,290,608,19.01,73.1
2019,12,29,11,30,361,484,168,43.31,29.2,408,370,667,19.01,73.1
2019,12,29,12,30,369,678,420,42.53,29.7,420,369,678,19.01,73.1
2019,12,29,13,30,333,484,220,46.58,29.5,416,338,624,19.01,73.1
2019,12,29,14,30,272,384,194,54.39,29,388,283,509,19.01,73.1
2019,12,29,15,30,184,220,84,64.6,28.1,287,217,341,19.01,73.1
2019,12,29,16,30,13,13,0,76.24,26.5,143,113,147,19.01,73.1
2019,12,29,17,30,4,4,5,88.5,24.7,5,4,4,19.01,73.1
2019,12,29,18,30,0,0,0,101.89,23.6,0,0,0,19.01,73.1
2019,12,29,19,30,0,0,0,115.3,22.9,0,0,0,19.01,73.1
2019,12,29,20,30,0,0,0,128.92,22.2,0,0,0,19.01,73.1
2019,12,29,21,30,0,0,0,142.66,21.6,0,0,0,19.01,73.1
2019,12,29,22,30,0,0,0,156.43,21.1,0,0,0,19.01,73.1
2019,12,29,23,30,0,0,0,169.86,20.7,0,0,0,19.01,73.1
2019,12,30,0,30,0,0,0,173.66,20.3,0,0,0,19.01,73.1
2019,12,30,1,30,0,0,0,160.82,20.2,0,0,0,19.01,73.1
2019,12,30,2,30,0,0,0,147.08,20,0,0,0,19.01,73.1
2019,12,30,3,30,0,0,0,133.32,19.8,0,0,0,19.01,73.1
2019,12,30,4,30,0,0,0,119.64,19.7,0,0,0,19.01,73.1
2019,12,30,5,30,0,0,0,106.16,19.7,0,0,0,19.01,73.1
2019,12,30,6,30,0,0,0,92.96,20.5,0,0,0,19.01,73.1
2019,12,30,7,30,74,89,92,80.14,22.1,92,74,89,19.01,73.1
2019,12,30,8,30,191,283,248,68.19,24.1,248,191,283,19.01,73.1
2019,12,30,9,30,267,465,366,57.43,25.9,366,267,465,19.01,73.1
2019,12,30,10,30,293,610,480,48.7,27.1,480,293,610,19.01,73.1
2019,12,30,11,30,295,697,551,43.28,27.9,551,295,697,19.01,73.1
2019,12,30,12,30,285,715,583,42.46,28.3,583,285,715,19.01,73.1
2019,12,30,13,30,260,665,588,46.48,28.2,588,260,665,19.01,73.1
2019,12,30,14,30,228,546,544,54.27,27.8,544,228,546,19.01,73.1
2019,12,30,15,30,183,374,443,64.48,26.9,443,183,374,19.01,73.1
2019,12,30,16,30,111,172,255,76.11,24.9,255,111,172,19.01,73.1
2019,12,30,17,30,8,8,15,88.38,22.9,15,8,8,19.01,73.1
2019,12,30,18,30,0,0,0,101.77,21.8,0,0,0,19.01,73.1
2019,12,30,19,30,0,0,0,115.18,21.2,0,0,0,19.01,73.1
2019,12,30,20,30,0,0,0,128.8,20.6,0,0,0,19.01,73.1
2019,12,30,21,30,0,0,0,142.55,20,0,0,0,19.01,73.1
2019,12,30,22,30,0,0,0,156.32,19.4,0,0,0,19.01,73.1
2019,12,30,23,30,0,0,0,169.78,18.8,0,0,0,19.01,73.1
2019,12,31,0,30,0,0,0,173.79,18.3,0,0,0,19.01,73.1
2019,12,31,1,30,0,0,0,160.94,17.8,0,0,0,19.01,73.1
2019,12,31,2,30,0,0,0,147.2,17.4,0,0,0,19.01,73.1
2019,12,31,3,30,0,0,0,133.42,17.1,0,0,0,19.01,73.1
2019,12,31,4,30,0,0,0,119.74,16.9,0,0,0,19.01,73.1
2019,12,31,5,30,0,0,0,106.25,16.5,0,0,0,19.01,73.1
2019,12,31,6,30,0,0,0,93.04,17.4,0,0,0,19.01,73.1
2019,12,31,7,30,78,110,189,80.21,19.5,189,78,110,19.01,73.1
2019,12,31,8,30,154,316,435,68.25,22,435,154,316,19.01,73.1
2019,12,31,9,30,193,510,588,57.46,24,588,193,510,19.01,73.1
2019,12,31,10,30,209,659,682,48.71,25.1,682,209,659,19.01,73.1
2019,12,31,11,30,223,743,714,43.24,25.8,714,223,743,19.01,73.1
2019,12,31,12,30,217,758,733,42.38,26.1,733,217,758,19.01,73.1
2019,12,31,13,30,205,700,718,46.37,26,718,205,700,19.01,73.1
2019,12,31,14,30,184,575,668,54.15,25.6,668,184,575,19.01,73.1
2019,12,31,15,30,151,397,569,64.35,24.6,569,151,397,19.01,73.1
2019,12,31,16,30,98,188,372,75.98,22.5,372,98,188,19.01,73.1
2019,12,31,17,30,11,12,38,88.26,20.3,38,11,12,19.01,73.1
2019,12,31,18,30,0,0,0,101.64,19.1,0,0,0,19.01,73.1
2019,12,31,19,30,0,0,0,115.05,18.5,0,0,0,19.01,73.1
2019,12,31,20,30,0,0,0,128.68,17.9,0,0,0,19.01,73.1
2019,12,31,21,30,0,0,0,142.44,17.6,0,0,0,19.01,73.1
2019,12,31,22,30,0,0,0,156.22,17.3,0,0,0,19.01,73.1
2019,12,31,23,30,0,0,0,169.7,16.9,0,0,0,19.01,73.1
